session_id,pattern,t,x,vx,input_left,input_right
noisy_ping_pong_006,noisy_ping_pong,0.0,75.905,0.0,0,1
noisy_ping_pong_006,noisy_ping_pong,0.01667,77.405,90.0,0,1
noisy_ping_pong_006,noisy_ping_pong,0.03333,78.905,90.0,0,1
noisy_ping_pong_006,noisy_ping_pong,0.05,80.405,90.0,0,1
noisy_ping_pong_006,noisy_ping_pong,0.06667,81.905,90.0,0,1
noisy_ping_pong_006,noisy_ping_pong,0.08333,83.405,90.0,0,1
noisy_ping_pong_006,noisy_ping_pong,0.1,84.905,90.0,0,1
noisy_ping_pong_006,noisy_ping_pong,0.11667,86.405,90.0,0,1
noisy_ping_pong_006,noisy_ping_pong,0.13333,87.905,90.0,0,1
noisy_ping_pong_006,noisy_ping_pong,0.15,89.405,90.0,0,1
noisy_ping_pong_006,noisy_ping_pong,0.16667,90.905,90.0,0,1
noisy_ping_pong_006,noisy_ping_pong,0.18333,92.405,90.0,0,1
noisy_ping_pong_006,noisy_ping_pong,0.2,93.905,90.0,0,1
noisy_ping_pong_006,noisy_ping_pong,0.21667,95.405,90.0,0,1
noisy_ping_pong_006,noisy_ping_pong,0.23333,96.905,90.0,1,0
noisy_ping_pong_006,noisy_ping_pong,0.25,95.405,-90.0,0,1
noisy_ping_pong_006,noisy_ping_pong,0.26667,96.905,90.0,0,1
noisy_ping_pong_006,noisy_ping_pong,0.28333,98.405,90.0,0,1
noisy_ping_pong_006,noisy_ping_pong,0.3,99.905,90.0,0,1
noisy_ping_pong_006,noisy_ping_pong,0.31667,101.405,90.0,0,1
noisy_ping_pong_006,noisy_ping_pong,0.33333,102.905,90.0,0,1
noisy_ping_pong_006,noisy_ping_pong,0.35,104.405,90.0,0,1
noisy_ping_pong_006,noisy_ping_pong,0.36667,105.905,90.0,0,1
noisy_ping_pong_006,noisy_ping_pong,0.38333,107.405,90.0,0,1
noisy_ping_pong_006,noisy_ping_pong,0.4,108.905,90.0,0,1
noisy_ping_pong_006,noisy_ping_pong,0.41667,110.405,90.0,0,1
noisy_ping_pong_006,noisy_ping_pong,0.43333,111.905,90.0,0,1
noisy_ping_pong_006,noisy_ping_pong,0.45,113.405,90.0,0,1
noisy_ping_pong_006,noisy_ping_pong,0.46667,114.905,90.0,0,1
noisy_ping_pong_006,noisy_ping_pong,0.48333,116.405,90.0,0,1
noisy_ping_pong_006,noisy_ping_pong,0.5,117.905,90.0,0,1
noisy_ping_pong_006,noisy_ping_pong,0.51667,119.405,90.0,0,1
noisy_ping_pong_006,noisy_ping_pong,0.53333,120.905,90.0,0,1
noisy_ping_pong_006,noisy_ping_pong,0.55,122.405,90.0,0,1
noisy_ping_pong_006,noisy_ping_pong,0.56667,123.905,90.0,0,1
noisy_ping_pong_006,noisy_ping_pong,0.58333,125.405,90.0,0,1
noisy_ping_pong_006,noisy_ping_pong,0.6,126.905,90.0,0,1
noisy_ping_pong_006,noisy_ping_pong,0.61667,128.405,90.0,0,1
noisy_ping_pong_006,noisy_ping_pong,0.63333,129.905,90.0,0,1
noisy_ping_pong_006,noisy_ping_pong,0.65,131.405,90.0,0,1
noisy_ping_pong_006,noisy_ping_pong,0.66667,132.905,90.0,0,1
noisy_ping_pong_006,noisy_ping_pong,0.68333,134.405,90.0,0,1
noisy_ping_pong_006,noisy_ping_pong,0.7,135.905,90.0,0,1
noisy_ping_pong_006,noisy_ping_pong,0.71667,137.405,90.0,0,1
noisy_ping_pong_006,noisy_ping_pong,0.73333,138.905,90.0,0,1
noisy_ping_pong_006,noisy_ping_pong,0.75,140.405,90.0,0,1
noisy_ping_pong_006,noisy_ping_pong,0.76667,141.905,90.0,0,1
noisy_ping_pong_006,noisy_ping_pong,0.78333,143.405,90.0,0,1
noisy_ping_pong_006,noisy_ping_pong,0.8,144.905,90.0,0,1
noisy_ping_pong_006,noisy_ping_pong,0.81667,146.405,90.0,0,1
noisy_ping_pong_006,noisy_ping_pong,0.83333,147.905,90.0,0,1
noisy_ping_pong_006,noisy_ping_pong,0.85,149.405,90.0,0,1
noisy_ping_pong_006,noisy_ping_pong,0.86667,150.905,90.0,0,1
noisy_ping_pong_006,noisy_ping_pong,0.88333,152.405,90.0,0,1
noisy_ping_pong_006,noisy_ping_pong,0.9,153.905,90.0,0,1
noisy_ping_pong_006,noisy_ping_pong,0.91667,155.405,90.0,0,1
noisy_ping_pong_006,noisy_ping_pong,0.93333,156.905,90.0,0,1
noisy_ping_pong_006,noisy_ping_pong,0.95,158.405,90.0,0,1
noisy_ping_pong_006,noisy_ping_pong,0.96667,159.905,90.0,0,1
noisy_ping_pong_006,noisy_ping_pong,0.98333,161.405,90.0,0,1
noisy_ping_pong_006,noisy_ping_pong,1.0,162.905,90.0,0,1
noisy_ping_pong_006,noisy_ping_pong,1.01667,164.405,90.0,0,1
noisy_ping_pong_006,noisy_ping_pong,1.03333,165.905,90.0,0,1
noisy_ping_pong_006,noisy_ping_pong,1.05,167.405,90.0,0,1
noisy_ping_pong_006,noisy_ping_pong,1.06667,168.905,90.0,0,1
noisy_ping_pong_006,noisy_ping_pong,1.08333,170.405,90.0,0,1
noisy_ping_pong_006,noisy_ping_pong,1.1,171.905,90.0,0,1
noisy_ping_pong_006,noisy_ping_pong,1.11667,173.405,90.0,0,1
noisy_ping_pong_006,noisy_ping_pong,1.13333,174.905,90.0,1,0
noisy_ping_pong_006,noisy_ping_pong,1.15,173.405,-90.0,0,1
noisy_ping_pong_006,noisy_ping_pong,1.16667,174.905,90.0,0,1
noisy_ping_pong_006,noisy_ping_pong,1.18333,176.405,90.0,0,1
noisy_ping_pong_006,noisy_ping_pong,1.2,177.905,90.0,0,1
noisy_ping_pong_006,noisy_ping_pong,1.21667,179.405,90.0,0,1
noisy_ping_pong_006,noisy_ping_pong,1.23333,180.905,90.0,0,1
noisy_ping_pong_006,noisy_ping_pong,1.25,182.405,90.0,0,1
noisy_ping_pong_006,noisy_ping_pong,1.26667,183.905,90.0,0,1
noisy_ping_pong_006,noisy_ping_pong,1.28333,185.405,90.0,0,1
noisy_ping_pong_006,noisy_ping_pong,1.3,186.905,90.0,0,1
noisy_ping_pong_006,noisy_ping_pong,1.31667,188.405,90.0,0,1
noisy_ping_pong_006,noisy_ping_pong,1.33333,189.905,90.0,0,1
noisy_ping_pong_006,noisy_ping_pong,1.35,191.405,90.0,0,1
noisy_ping_pong_006,noisy_ping_pong,1.36667,192.905,90.0,0,1
noisy_ping_pong_006,noisy_ping_pong,1.38333,194.405,90.0,0,1
noisy_ping_pong_006,noisy_ping_pong,1.4,195.905,90.0,0,1
noisy_ping_pong_006,noisy_ping_pong,1.41667,197.405,90.0,0,1
noisy_ping_pong_006,noisy_ping_pong,1.43333,198.905,90.0,0,1
noisy_ping_pong_006,noisy_ping_pong,1.45,200.405,90.0,0,0
noisy_ping_pong_006,noisy_ping_pong,1.46667,200.405,0.0,0,0
noisy_ping_pong_006,noisy_ping_pong,1.48333,200.405,0.0,1,0
noisy_ping_pong_006,noisy_ping_pong,1.5,198.905,-90.0,0,0
noisy_ping_pong_006,noisy_ping_pong,1.51667,198.905,0.0,0,0
noisy_ping_pong_006,noisy_ping_pong,1.53333,198.905,0.0,0,0
noisy_ping_pong_006,noisy_ping_pong,1.55,198.905,0.0,0,0
noisy_ping_pong_006,noisy_ping_pong,1.56667,198.905,0.0,0,0
noisy_ping_pong_006,noisy_ping_pong,1.58333,198.905,0.0,0,0
noisy_ping_pong_006,noisy_ping_pong,1.6,198.905,0.0,0,0
noisy_ping_pong_006,noisy_ping_pong,1.61667,198.905,0.0,0,0
noisy_ping_pong_006,noisy_ping_pong,1.63333,198.905,0.0,0,0
noisy_ping_pong_006,noisy_ping_pong,1.65,198.905,0.0,0,0
noisy_ping_pong_006,noisy_ping_pong,1.66667,198.905,0.0,0,0
noisy_ping_pong_006,noisy_ping_pong,1.68333,198.905,0.0,0,0
noisy_ping_pong_006,noisy_ping_pong,1.7,198.905,0.0,1,0
noisy_ping_pong_006,noisy_ping_pong,1.71667,197.405,-90.0,0,0
noisy_ping_pong_006,noisy_ping_pong,1.73333,197.405,0.0,0,0
noisy_ping_pong_006,noisy_ping_pong,1.75,197.405,0.0,1,0
noisy_ping_pong_006,noisy_ping_pong,1.76667,195.905,-90.0,1,0
noisy_ping_pong_006,noisy_ping_pong,1.78333,194.405,-90.0,1,0
noisy_ping_pong_006,noisy_ping_pong,1.8,192.905,-90.0,1,0
noisy_ping_pong_006,noisy_ping_pong,1.81667,191.405,-90.0,1,0
noisy_ping_pong_006,noisy_ping_pong,1.83333,189.905,-90.0,1,0
noisy_ping_pong_006,noisy_ping_pong,1.85,188.405,-90.0,1,0
noisy_ping_pong_006,noisy_ping_pong,1.86667,186.905,-90.0,1,0
noisy_ping_pong_006,noisy_ping_pong,1.88333,185.405,-90.0,1,0
noisy_ping_pong_006,noisy_ping_pong,1.9,183.905,-90.0,1,0
noisy_ping_pong_006,noisy_ping_pong,1.91667,182.405,-90.0,1,0
noisy_ping_pong_006,noisy_ping_pong,1.93333,180.905,-90.0,1,0
noisy_ping_pong_006,noisy_ping_pong,1.95,179.405,-90.0,1,0
noisy_ping_pong_006,noisy_ping_pong,1.96667,177.905,-90.0,1,0
noisy_ping_pong_006,noisy_ping_pong,1.98333,176.405,-90.0,1,0
noisy_ping_pong_006,noisy_ping_pong,2.0,174.905,-90.0,1,0
noisy_ping_pong_006,noisy_ping_pong,2.01667,173.405,-90.0,1,0
noisy_ping_pong_006,noisy_ping_pong,2.03333,171.905,-90.0,0,0
noisy_ping_pong_006,noisy_ping_pong,2.05,171.905,0.0,1,0
noisy_ping_pong_006,noisy_ping_pong,2.06667,170.405,-90.0,1,0
noisy_ping_pong_006,noisy_ping_pong,2.08333,168.905,-90.0,1,0
noisy_ping_pong_006,noisy_ping_pong,2.1,167.405,-90.0,1,0
noisy_ping_pong_006,noisy_ping_pong,2.11667,165.905,-90.0,1,0
noisy_ping_pong_006,noisy_ping_pong,2.13333,164.405,-90.0,0,0
noisy_ping_pong_006,noisy_ping_pong,2.15,164.405,0.0,1,0
noisy_ping_pong_006,noisy_ping_pong,2.16667,162.905,-90.0,1,0
noisy_ping_pong_006,noisy_ping_pong,2.18333,161.405,-90.0,1,0
noisy_ping_pong_006,noisy_ping_pong,2.2,159.905,-90.0,1,0
noisy_ping_pong_006,noisy_ping_pong,2.21667,158.405,-90.0,1,0
noisy_ping_pong_006,noisy_ping_pong,2.23333,156.905,-90.0,1,0
noisy_ping_pong_006,noisy_ping_pong,2.25,155.405,-90.0,1,0
noisy_ping_pong_006,noisy_ping_pong,2.26667,153.905,-90.0,1,0
noisy_ping_pong_006,noisy_ping_pong,2.28333,152.405,-90.0,1,0
noisy_ping_pong_006,noisy_ping_pong,2.3,150.905,-90.0,1,0
noisy_ping_pong_006,noisy_ping_pong,2.31667,149.405,-90.0,1,0
noisy_ping_pong_006,noisy_ping_pong,2.33333,147.905,-90.0,1,0
noisy_ping_pong_006,noisy_ping_pong,2.35,146.405,-90.0,1,0
noisy_ping_pong_006,noisy_ping_pong,2.36667,144.905,-90.0,1,0
noisy_ping_pong_006,noisy_ping_pong,2.38333,143.405,-90.0,1,0
noisy_ping_pong_006,noisy_ping_pong,2.4,141.905,-90.0,1,0
noisy_ping_pong_006,noisy_ping_pong,2.41667,140.405,-90.0,1,0
noisy_ping_pong_006,noisy_ping_pong,2.43333,138.905,-90.0,1,0
noisy_ping_pong_006,noisy_ping_pong,2.45,137.405,-90.0,1,0
noisy_ping_pong_006,noisy_ping_pong,2.46667,135.905,-90.0,1,0
noisy_ping_pong_006,noisy_ping_pong,2.48333,134.405,-90.0,1,0
noisy_ping_pong_006,noisy_ping_pong,2.5,132.905,-90.0,1,0
noisy_ping_pong_006,noisy_ping_pong,2.51667,131.405,-90.0,1,0
noisy_ping_pong_006,noisy_ping_pong,2.53333,129.905,-90.0,1,0
noisy_ping_pong_006,noisy_ping_pong,2.55,128.405,-90.0,1,0
noisy_ping_pong_006,noisy_ping_pong,2.56667,126.905,-90.0,1,0
noisy_ping_pong_006,noisy_ping_pong,2.58333,125.405,-90.0,1,0
noisy_ping_pong_006,noisy_ping_pong,2.6,123.905,-90.0,1,0
noisy_ping_pong_006,noisy_ping_pong,2.61667,122.405,-90.0,1,0
noisy_ping_pong_006,noisy_ping_pong,2.63333,120.905,-90.0,1,0
noisy_ping_pong_006,noisy_ping_pong,2.65,119.405,-90.0,1,0
noisy_ping_pong_006,noisy_ping_pong,2.66667,117.905,-90.0,1,0
noisy_ping_pong_006,noisy_ping_pong,2.68333,116.405,-90.0,1,0
noisy_ping_pong_006,noisy_ping_pong,2.7,114.905,-90.0,1,0
noisy_ping_pong_006,noisy_ping_pong,2.71667,113.405,-90.0,1,0
noisy_ping_pong_006,noisy_ping_pong,2.73333,111.905,-90.0,1,0
noisy_ping_pong_006,noisy_ping_pong,2.75,110.405,-90.0,1,0
noisy_ping_pong_006,noisy_ping_pong,2.76667,108.905,-90.0,1,0
noisy_ping_pong_006,noisy_ping_pong,2.78333,107.405,-90.0,1,0
noisy_ping_pong_006,noisy_ping_pong,2.8,105.905,-90.0,1,0
noisy_ping_pong_006,noisy_ping_pong,2.81667,104.405,-90.0,1,0
noisy_ping_pong_006,noisy_ping_pong,2.83333,102.905,-90.0,1,0
noisy_ping_pong_006,noisy_ping_pong,2.85,101.405,-90.0,1,0
noisy_ping_pong_006,noisy_ping_pong,2.86667,99.905,-90.0,1,0
noisy_ping_pong_006,noisy_ping_pong,2.88333,98.405,-90.0,1,0
noisy_ping_pong_006,noisy_ping_pong,2.9,96.905,-90.0,1,0
noisy_ping_pong_006,noisy_ping_pong,2.91667,95.405,-90.0,1,0
noisy_ping_pong_006,noisy_ping_pong,2.93333,93.905,-90.0,1,0
noisy_ping_pong_006,noisy_ping_pong,2.95,92.405,-90.0,1,0
noisy_ping_pong_006,noisy_ping_pong,2.96667,90.905,-90.0,1,0
noisy_ping_pong_006,noisy_ping_pong,2.98333,89.405,-90.0,1,0
noisy_ping_pong_006,noisy_ping_pong,3.0,87.905,-90.0,1,0
noisy_ping_pong_006,noisy_ping_pong,3.01667,86.405,-90.0,1,0
noisy_ping_pong_006,noisy_ping_pong,3.03333,84.905,-90.0,1,0
noisy_ping_pong_006,noisy_ping_pong,3.05,83.405,-90.0,1,0
noisy_ping_pong_006,noisy_ping_pong,3.06667,81.905,-90.0,1,0
noisy_ping_pong_006,noisy_ping_pong,3.08333,80.405,-90.0,1,0
noisy_ping_pong_006,noisy_ping_pong,3.1,78.905,-90.0,1,0
noisy_ping_pong_006,noisy_ping_pong,3.11667,77.405,-90.0,1,0
noisy_ping_pong_006,noisy_ping_pong,3.13333,75.905,-90.0,1,0
noisy_ping_pong_006,noisy_ping_pong,3.15,74.405,-90.0,1,0
noisy_ping_pong_006,noisy_ping_pong,3.16667,72.905,-90.0,1,0
noisy_ping_pong_006,noisy_ping_pong,3.18333,71.405,-90.0,0,0
noisy_ping_pong_006,noisy_ping_pong,3.2,71.405,0.0,1,0
noisy_ping_pong_006,noisy_ping_pong,3.21667,69.905,-90.0,1,0
noisy_ping_pong_006,noisy_ping_pong,3.23333,68.405,-90.0,1,0
noisy_ping_pong_006,noisy_ping_pong,3.25,66.905,-90.0,1,0
noisy_ping_pong_006,noisy_ping_pong,3.26667,65.405,-90.0,1,0
noisy_ping_pong_006,noisy_ping_pong,3.28333,63.905,-90.0,1,0
noisy_ping_pong_006,noisy_ping_pong,3.3,62.405,-90.0,1,0
noisy_ping_pong_006,noisy_ping_pong,3.31667,60.905,-90.0,1,0
noisy_ping_pong_006,noisy_ping_pong,3.33333,59.405,-90.0,1,0
noisy_ping_pong_006,noisy_ping_pong,3.35,57.905,-90.0,1,0
noisy_ping_pong_006,noisy_ping_pong,3.36667,56.405,-90.0,1,0
noisy_ping_pong_006,noisy_ping_pong,3.38333,54.905,-90.0,1,0
noisy_ping_pong_006,noisy_ping_pong,3.4,53.405,-90.0,1,0
noisy_ping_pong_006,noisy_ping_pong,3.41667,51.905,-90.0,1,0
noisy_ping_pong_006,noisy_ping_pong,3.43333,50.405,-90.0,1,0
noisy_ping_pong_006,noisy_ping_pong,3.45,48.905,-90.0,1,0
noisy_ping_pong_006,noisy_ping_pong,3.46667,47.405,-90.0,1,0
noisy_ping_pong_006,noisy_ping_pong,3.48333,45.905,-90.0,1,0
noisy_ping_pong_006,noisy_ping_pong,3.5,44.405,-90.0,1,0
noisy_ping_pong_006,noisy_ping_pong,3.51667,42.905,-90.0,1,0
noisy_ping_pong_006,noisy_ping_pong,3.53333,41.405,-90.0,1,0
noisy_ping_pong_006,noisy_ping_pong,3.55,39.905,-90.0,1,0
noisy_ping_pong_006,noisy_ping_pong,3.56667,38.405,-90.0,1,0
noisy_ping_pong_006,noisy_ping_pong,3.58333,36.905,-90.0,1,0
noisy_ping_pong_006,noisy_ping_pong,3.6,35.405,-90.0,1,0
noisy_ping_pong_006,noisy_ping_pong,3.61667,33.905,-90.0,1,0
noisy_ping_pong_006,noisy_ping_pong,3.63333,32.405,-90.0,1,0
noisy_ping_pong_006,noisy_ping_pong,3.65,30.905,-90.0,1,0
noisy_ping_pong_006,noisy_ping_pong,3.66667,29.405,-90.0,1,0
noisy_ping_pong_006,noisy_ping_pong,3.68333,27.905,-90.0,1,0
noisy_ping_pong_006,noisy_ping_pong,3.7,26.405,-90.0,1,0
noisy_ping_pong_006,noisy_ping_pong,3.71667,24.905,-90.0,1,0
noisy_ping_pong_006,noisy_ping_pong,3.73333,23.405,-90.0,1,0
noisy_ping_pong_006,noisy_ping_pong,3.75,21.905,-90.0,1,0
noisy_ping_pong_006,noisy_ping_pong,3.76667,20.405,-90.0,1,0
noisy_ping_pong_006,noisy_ping_pong,3.78333,18.905,-90.0,1,0
noisy_ping_pong_006,noisy_ping_pong,3.8,17.405,-90.0,1,0
noisy_ping_pong_006,noisy_ping_pong,3.81667,15.905,-90.0,0,0
noisy_ping_pong_006,noisy_ping_pong,3.83333,15.905,0.0,1,0
noisy_ping_pong_006,noisy_ping_pong,3.85,14.405,-90.0,1,0
noisy_ping_pong_006,noisy_ping_pong,3.86667,12.905,-90.0,1,0
noisy_ping_pong_006,noisy_ping_pong,3.88333,11.405,-90.0,1,0
noisy_ping_pong_006,noisy_ping_pong,3.9,9.905,-90.0,1,0
noisy_ping_pong_006,noisy_ping_pong,3.91667,8.405,-90.0,1,0
noisy_ping_pong_006,noisy_ping_pong,3.93333,6.905,-90.0,1,0
noisy_ping_pong_006,noisy_ping_pong,3.95,5.405,-90.0,1,0
noisy_ping_pong_006,noisy_ping_pong,3.96667,3.905,-90.0,0,0
noisy_ping_pong_006,noisy_ping_pong,3.98333,3.905,0.0,0,0
noisy_ping_pong_006,noisy_ping_pong,4.0,3.905,0.0,0,0
noisy_ping_pong_006,noisy_ping_pong,4.01667,3.905,0.0,0,0
noisy_ping_pong_006,noisy_ping_pong,4.03333,3.905,0.0,0,0
noisy_ping_pong_006,noisy_ping_pong,4.05,3.905,0.0,0,0
noisy_ping_pong_006,noisy_ping_pong,4.06667,3.905,0.0,0,0
noisy_ping_pong_006,noisy_ping_pong,4.08333,3.905,0.0,0,0
noisy_ping_pong_006,noisy_ping_pong,4.1,3.905,0.0,0,0
noisy_ping_pong_006,noisy_ping_pong,4.11667,3.905,0.0,0,0
noisy_ping_pong_006,noisy_ping_pong,4.13333,3.905,0.0,0,0
noisy_ping_pong_006,noisy_ping_pong,4.15,3.905,0.0,0,0
noisy_ping_pong_006,noisy_ping_pong,4.16667,3.905,0.0,0,0
noisy_ping_pong_006,noisy_ping_pong,4.18333,3.905,0.0,0,0
noisy_ping_pong_006,noisy_ping_pong,4.2,3.905,0.0,0,0
noisy_ping_pong_006,noisy_ping_pong,4.21667,3.905,0.0,0,0
noisy_ping_pong_006,noisy_ping_pong,4.23333,3.905,0.0,0,0
noisy_ping_pong_006,noisy_ping_pong,4.25,3.905,0.0,0,0
noisy_ping_pong_006,noisy_ping_pong,4.26667,3.905,0.0,0,1
noisy_ping_pong_006,noisy_ping_pong,4.28333,5.405,90.0,0,1
noisy_ping_pong_006,noisy_ping_pong,4.3,6.905,90.0,0,1
noisy_ping_pong_006,noisy_ping_pong,4.31667,8.405,90.0,0,1
noisy_ping_pong_006,noisy_ping_pong,4.33333,9.905,90.0,0,1
noisy_ping_pong_006,noisy_ping_pong,4.35,11.405,90.0,0,1
noisy_ping_pong_006,noisy_ping_pong,4.36667,12.905,90.0,0,1
noisy_ping_pong_006,noisy_ping_pong,4.38333,14.405,90.0,0,1
noisy_ping_pong_006,noisy_ping_pong,4.4,15.905,90.0,0,1
noisy_ping_pong_006,noisy_ping_pong,4.41667,17.405,90.0,0,1
noisy_ping_pong_006,noisy_ping_pong,4.43333,18.905,90.0,0,1
noisy_ping_pong_006,noisy_ping_pong,4.45,20.405,90.0,0,1
noisy_ping_pong_006,noisy_ping_pong,4.46667,21.905,90.0,0,1
noisy_ping_pong_006,noisy_ping_pong,4.48333,23.405,90.0,0,1
noisy_ping_pong_006,noisy_ping_pong,4.5,24.905,90.0,0,1
noisy_ping_pong_006,noisy_ping_pong,4.51667,26.405,90.0,0,1
noisy_ping_pong_006,noisy_ping_pong,4.53333,27.905,90.0,0,1
noisy_ping_pong_006,noisy_ping_pong,4.55,29.405,90.0,0,1
noisy_ping_pong_006,noisy_ping_pong,4.56667,30.905,90.0,0,1
noisy_ping_pong_006,noisy_ping_pong,4.58333,32.405,90.0,0,1
noisy_ping_pong_006,noisy_ping_pong,4.6,33.905,90.0,0,1
noisy_ping_pong_006,noisy_ping_pong,4.61667,35.405,90.0,0,1
noisy_ping_pong_006,noisy_ping_pong,4.63333,36.905,90.0,0,1
noisy_ping_pong_006,noisy_ping_pong,4.65,38.405,90.0,0,1
noisy_ping_pong_006,noisy_ping_pong,4.66667,39.905,90.0,0,1
noisy_ping_pong_006,noisy_ping_pong,4.68333,41.405,90.0,0,1
noisy_ping_pong_006,noisy_ping_pong,4.7,42.905,90.0,0,1
noisy_ping_pong_006,noisy_ping_pong,4.71667,44.405,90.0,0,1
noisy_ping_pong_006,noisy_ping_pong,4.73333,45.905,90.0,0,1
noisy_ping_pong_006,noisy_ping_pong,4.75,47.405,90.0,0,1
noisy_ping_pong_006,noisy_ping_pong,4.76667,48.905,90.0,0,1
noisy_ping_pong_006,noisy_ping_pong,4.78333,50.405,90.0,0,1
noisy_ping_pong_006,noisy_ping_pong,4.8,51.905,90.0,0,1
noisy_ping_pong_006,noisy_ping_pong,4.81667,53.405,90.0,0,1
noisy_ping_pong_006,noisy_ping_pong,4.83333,54.905,90.0,0,1
noisy_ping_pong_006,noisy_ping_pong,4.85,56.405,90.0,0,1
noisy_ping_pong_006,noisy_ping_pong,4.86667,57.905,90.0,0,1
noisy_ping_pong_006,noisy_ping_pong,4.88333,59.405,90.0,0,1
noisy_ping_pong_006,noisy_ping_pong,4.9,60.905,90.0,0,1
noisy_ping_pong_006,noisy_ping_pong,4.91667,62.405,90.0,0,1
noisy_ping_pong_006,noisy_ping_pong,4.93333,63.905,90.0,0,1
noisy_ping_pong_006,noisy_ping_pong,4.95,65.405,90.0,0,1
noisy_ping_pong_006,noisy_ping_pong,4.96667,66.905,90.0,0,1
noisy_ping_pong_006,noisy_ping_pong,4.98333,68.405,90.0,0,1
noisy_ping_pong_006,noisy_ping_pong,5.0,69.905,90.0,0,1
noisy_ping_pong_006,noisy_ping_pong,5.01667,71.405,90.0,0,1
noisy_ping_pong_006,noisy_ping_pong,5.03333,72.905,90.0,0,1
noisy_ping_pong_006,noisy_ping_pong,5.05,74.405,90.0,0,1
noisy_ping_pong_006,noisy_ping_pong,5.06667,75.905,90.0,0,1
noisy_ping_pong_006,noisy_ping_pong,5.08333,77.405,90.0,0,1
noisy_ping_pong_006,noisy_ping_pong,5.1,78.905,90.0,0,1
noisy_ping_pong_006,noisy_ping_pong,5.11667,80.405,90.0,0,1
noisy_ping_pong_006,noisy_ping_pong,5.13333,81.905,90.0,0,1
noisy_ping_pong_006,noisy_ping_pong,5.15,83.405,90.0,0,1
noisy_ping_pong_006,noisy_ping_pong,5.16667,84.905,90.0,0,1
noisy_ping_pong_006,noisy_ping_pong,5.18333,86.405,90.0,0,1
noisy_ping_pong_006,noisy_ping_pong,5.2,87.905,90.0,0,1
noisy_ping_pong_006,noisy_ping_pong,5.21667,89.405,90.0,0,1
noisy_ping_pong_006,noisy_ping_pong,5.23333,90.905,90.0,0,1
noisy_ping_pong_006,noisy_ping_pong,5.25,92.405,90.0,0,1
noisy_ping_pong_006,noisy_ping_pong,5.26667,93.905,90.0,0,1
noisy_ping_pong_006,noisy_ping_pong,5.28333,95.405,90.0,0,1
noisy_ping_pong_006,noisy_ping_pong,5.3,96.905,90.0,0,1
noisy_ping_pong_006,noisy_ping_pong,5.31667,98.405,90.0,0,1
noisy_ping_pong_006,noisy_ping_pong,5.33333,99.905,90.0,0,1
noisy_ping_pong_006,noisy_ping_pong,5.35,101.405,90.0,0,1
noisy_ping_pong_006,noisy_ping_pong,5.36667,102.905,90.0,0,1
noisy_ping_pong_006,noisy_ping_pong,5.38333,104.405,90.0,0,1
noisy_ping_pong_006,noisy_ping_pong,5.4,105.905,90.0,0,1
noisy_ping_pong_006,noisy_ping_pong,5.41667,107.405,90.0,0,1
noisy_ping_pong_006,noisy_ping_pong,5.43333,108.905,90.0,0,1
noisy_ping_pong_006,noisy_ping_pong,5.45,110.405,90.0,0,1
noisy_ping_pong_006,noisy_ping_pong,5.46667,111.905,90.0,0,1
noisy_ping_pong_006,noisy_ping_pong,5.48333,113.405,90.0,1,0
noisy_ping_pong_006,noisy_ping_pong,5.5,111.905,-90.0,0,1
noisy_ping_pong_006,noisy_ping_pong,5.51667,113.405,90.0,0,1
noisy_ping_pong_006,noisy_ping_pong,5.53333,114.905,90.0,0,1
noisy_ping_pong_006,noisy_ping_pong,5.55,116.405,90.0,0,1
noisy_ping_pong_006,noisy_ping_pong,5.56667,117.905,90.0,0,1
noisy_ping_pong_006,noisy_ping_pong,5.58333,119.405,90.0,0,1
noisy_ping_pong_006,noisy_ping_pong,5.6,120.905,90.0,0,1
noisy_ping_pong_006,noisy_ping_pong,5.61667,122.405,90.0,0,1
noisy_ping_pong_006,noisy_ping_pong,5.63333,123.905,90.0,0,1
noisy_ping_pong_006,noisy_ping_pong,5.65,125.405,90.0,0,1
noisy_ping_pong_006,noisy_ping_pong,5.66667,126.905,90.0,0,1
noisy_ping_pong_006,noisy_ping_pong,5.68333,128.405,90.0,0,1
noisy_ping_pong_006,noisy_ping_pong,5.7,129.905,90.0,0,1
noisy_ping_pong_006,noisy_ping_pong,5.71667,131.405,90.0,0,1
noisy_ping_pong_006,noisy_ping_pong,5.73333,132.905,90.0,0,1
noisy_ping_pong_006,noisy_ping_pong,5.75,134.405,90.0,0,1
noisy_ping_pong_006,noisy_ping_pong,5.76667,135.905,90.0,0,1
noisy_ping_pong_006,noisy_ping_pong,5.78333,137.405,90.0,0,1
noisy_ping_pong_006,noisy_ping_pong,5.8,138.905,90.0,0,1
noisy_ping_pong_006,noisy_ping_pong,5.81667,140.405,90.0,0,1
noisy_ping_pong_006,noisy_ping_pong,5.83333,141.905,90.0,0,1
noisy_ping_pong_006,noisy_ping_pong,5.85,143.405,90.0,0,1
noisy_ping_pong_006,noisy_ping_pong,5.86667,144.905,90.0,0,1
noisy_ping_pong_006,noisy_ping_pong,5.88333,146.405,90.0,0,1
noisy_ping_pong_006,noisy_ping_pong,5.9,147.905,90.0,0,1
noisy_ping_pong_006,noisy_ping_pong,5.91667,149.405,90.0,0,1
noisy_ping_pong_006,noisy_ping_pong,5.93333,150.905,90.0,0,1
noisy_ping_pong_006,noisy_ping_pong,5.95,152.405,90.0,0,1
noisy_ping_pong_006,noisy_ping_pong,5.96667,153.905,90.0,0,1
noisy_ping_pong_006,noisy_ping_pong,5.98333,155.405,90.0,0,1
noisy_ping_pong_006,noisy_ping_pong,6.0,156.905,90.0,0,1
noisy_ping_pong_006,noisy_ping_pong,6.01667,158.405,90.0,0,0
noisy_ping_pong_006,noisy_ping_pong,6.03333,158.405,0.0,0,1
noisy_ping_pong_006,noisy_ping_pong,6.05,159.905,90.0,0,1
noisy_ping_pong_006,noisy_ping_pong,6.06667,161.405,90.0,0,1
noisy_ping_pong_006,noisy_ping_pong,6.08333,162.905,90.0,0,1
noisy_ping_pong_006,noisy_ping_pong,6.1,164.405,90.0,0,1
noisy_ping_pong_006,noisy_ping_pong,6.11667,165.905,90.0,0,1
noisy_ping_pong_006,noisy_ping_pong,6.13333,167.405,90.0,0,1
noisy_ping_pong_006,noisy_ping_pong,6.15,168.905,90.0,0,1
noisy_ping_pong_006,noisy_ping_pong,6.16667,170.405,90.0,0,1
noisy_ping_pong_006,noisy_ping_pong,6.18333,171.905,90.0,0,1
noisy_ping_pong_006,noisy_ping_pong,6.2,173.405,90.0,0,1
noisy_ping_pong_006,noisy_ping_pong,6.21667,174.905,90.0,0,1
noisy_ping_pong_006,noisy_ping_pong,6.23333,176.405,90.0,0,1
noisy_ping_pong_006,noisy_ping_pong,6.25,177.905,90.0,0,1
noisy_ping_pong_006,noisy_ping_pong,6.26667,179.405,90.0,0,1
noisy_ping_pong_006,noisy_ping_pong,6.28333,180.905,90.0,0,1
noisy_ping_pong_006,noisy_ping_pong,6.3,182.405,90.0,0,1
noisy_ping_pong_006,noisy_ping_pong,6.31667,183.905,90.0,0,1
noisy_ping_pong_006,noisy_ping_pong,6.33333,185.405,90.0,0,1
noisy_ping_pong_006,noisy_ping_pong,6.35,186.905,90.0,1,0
noisy_ping_pong_006,noisy_ping_pong,6.36667,185.405,-90.0,0,1
noisy_ping_pong_006,noisy_ping_pong,6.38333,186.905,90.0,0,1
noisy_ping_pong_006,noisy_ping_pong,6.4,188.405,90.0,0,1
noisy_ping_pong_006,noisy_ping_pong,6.41667,189.905,90.0,0,1
noisy_ping_pong_006,noisy_ping_pong,6.43333,191.405,90.0,0,1
noisy_ping_pong_006,noisy_ping_pong,6.45,192.905,90.0,0,1
noisy_ping_pong_006,noisy_ping_pong,6.46667,194.405,90.0,0,1
noisy_ping_pong_006,noisy_ping_pong,6.48333,195.905,90.0,0,1
noisy_ping_pong_006,noisy_ping_pong,6.5,197.405,90.0,0,1
noisy_ping_pong_006,noisy_ping_pong,6.51667,198.905,90.0,0,1
noisy_ping_pong_006,noisy_ping_pong,6.53333,200.405,90.0,0,0
noisy_ping_pong_006,noisy_ping_pong,6.55,200.405,0.0,0,0
noisy_ping_pong_006,noisy_ping_pong,6.56667,200.405,0.0,0,0
noisy_ping_pong_006,noisy_ping_pong,6.58333,200.405,0.0,0,0
noisy_ping_pong_006,noisy_ping_pong,6.6,200.405,0.0,0,0
noisy_ping_pong_006,noisy_ping_pong,6.61667,200.405,0.0,0,0
noisy_ping_pong_006,noisy_ping_pong,6.63333,200.405,0.0,0,0
noisy_ping_pong_006,noisy_ping_pong,6.65,200.405,0.0,0,0
noisy_ping_pong_006,noisy_ping_pong,6.66667,200.405,0.0,0,0
noisy_ping_pong_006,noisy_ping_pong,6.68333,200.405,0.0,0,0
noisy_ping_pong_006,noisy_ping_pong,6.7,200.405,0.0,0,0
noisy_ping_pong_006,noisy_ping_pong,6.71667,200.405,0.0,0,0
noisy_ping_pong_006,noisy_ping_pong,6.73333,200.405,0.0,0,0
noisy_ping_pong_006,noisy_ping_pong,6.75,200.405,0.0,0,0
noisy_ping_pong_006,noisy_ping_pong,6.76667,200.405,0.0,0,0
noisy_ping_pong_006,noisy_ping_pong,6.78333,200.405,0.0,0,0
noisy_ping_pong_006,noisy_ping_pong,6.8,200.405,0.0,0,0
noisy_ping_pong_006,noisy_ping_pong,6.81667,200.405,0.0,0,0
noisy_ping_pong_006,noisy_ping_pong,6.83333,200.405,0.0,1,0
noisy_ping_pong_006,noisy_ping_pong,6.85,198.905,-90.0,1,0
noisy_ping_pong_006,noisy_ping_pong,6.86667,197.405,-90.0,0,1
noisy_ping_pong_006,noisy_ping_pong,6.88333,198.905,90.0,1,0
noisy_ping_pong_006,noisy_ping_pong,6.9,197.405,-90.0,1,0
noisy_ping_pong_006,noisy_ping_pong,6.91667,195.905,-90.0,1,0
noisy_ping_pong_006,noisy_ping_pong,6.93333,194.405,-90.0,1,0
noisy_ping_pong_006,noisy_ping_pong,6.95,192.905,-90.0,1,0
noisy_ping_pong_006,noisy_ping_pong,6.96667,191.405,-90.0,1,0
noisy_ping_pong_006,noisy_ping_pong,6.98333,189.905,-90.0,1,0
noisy_ping_pong_006,noisy_ping_pong,7.0,188.405,-90.0,1,0
noisy_ping_pong_006,noisy_ping_pong,7.01667,186.905,-90.0,1,0
noisy_ping_pong_006,noisy_ping_pong,7.03333,185.405,-90.0,1,0
noisy_ping_pong_006,noisy_ping_pong,7.05,183.905,-90.0,0,0
noisy_ping_pong_006,noisy_ping_pong,7.06667,183.905,0.0,1,0
noisy_ping_pong_006,noisy_ping_pong,7.08333,182.405,-90.0,1,0
noisy_ping_pong_006,noisy_ping_pong,7.1,180.905,-90.0,1,0
noisy_ping_pong_006,noisy_ping_pong,7.11667,179.405,-90.0,1,0
noisy_ping_pong_006,noisy_ping_pong,7.13333,177.905,-90.0,1,0
noisy_ping_pong_006,noisy_ping_pong,7.15,176.405,-90.0,1,0
noisy_ping_pong_006,noisy_ping_pong,7.16667,174.905,-90.0,1,0
noisy_ping_pong_006,noisy_ping_pong,7.18333,173.405,-90.0,1,0
noisy_ping_pong_006,noisy_ping_pong,7.2,171.905,-90.0,1,0
noisy_ping_pong_006,noisy_ping_pong,7.21667,170.405,-90.0,1,0
noisy_ping_pong_006,noisy_ping_pong,7.23333,168.905,-90.0,1,0
noisy_ping_pong_006,noisy_ping_pong,7.25,167.405,-90.0,1,0
noisy_ping_pong_006,noisy_ping_pong,7.26667,165.905,-90.0,0,0
noisy_ping_pong_006,noisy_ping_pong,7.28333,165.905,0.0,1,0
noisy_ping_pong_006,noisy_ping_pong,7.3,164.405,-90.0,1,0
noisy_ping_pong_006,noisy_ping_pong,7.31667,162.905,-90.0,1,0
noisy_ping_pong_006,noisy_ping_pong,7.33333,161.405,-90.0,1,0
noisy_ping_pong_006,noisy_ping_pong,7.35,159.905,-90.0,1,0
noisy_ping_pong_006,noisy_ping_pong,7.36667,158.405,-90.0,1,0
noisy_ping_pong_006,noisy_ping_pong,7.38333,156.905,-90.0,1,0
noisy_ping_pong_006,noisy_ping_pong,7.4,155.405,-90.0,1,0
noisy_ping_pong_006,noisy_ping_pong,7.41667,153.905,-90.0,1,0
noisy_ping_pong_006,noisy_ping_pong,7.43333,152.405,-90.0,1,0
noisy_ping_pong_006,noisy_ping_pong,7.45,150.905,-90.0,1,0
noisy_ping_pong_006,noisy_ping_pong,7.46667,149.405,-90.0,1,0
noisy_ping_pong_006,noisy_ping_pong,7.48333,147.905,-90.0,1,0
noisy_ping_pong_006,noisy_ping_pong,7.5,146.405,-90.0,1,0
noisy_ping_pong_006,noisy_ping_pong,7.51667,144.905,-90.0,1,0
noisy_ping_pong_006,noisy_ping_pong,7.53333,143.405,-90.0,1,0
noisy_ping_pong_006,noisy_ping_pong,7.55,141.905,-90.0,1,0
noisy_ping_pong_006,noisy_ping_pong,7.56667,140.405,-90.0,1,0
noisy_ping_pong_006,noisy_ping_pong,7.58333,138.905,-90.0,1,0
noisy_ping_pong_006,noisy_ping_pong,7.6,137.405,-90.0,1,0
noisy_ping_pong_006,noisy_ping_pong,7.61667,135.905,-90.0,1,0
noisy_ping_pong_006,noisy_ping_pong,7.63333,134.405,-90.0,1,0
noisy_ping_pong_006,noisy_ping_pong,7.65,132.905,-90.0,1,0
noisy_ping_pong_006,noisy_ping_pong,7.66667,131.405,-90.0,1,0
noisy_ping_pong_006,noisy_ping_pong,7.68333,129.905,-90.0,0,1
noisy_ping_pong_006,noisy_ping_pong,7.7,131.405,90.0,1,0
noisy_ping_pong_006,noisy_ping_pong,7.71667,129.905,-90.0,1,0
noisy_ping_pong_006,noisy_ping_pong,7.73333,128.405,-90.0,1,0
noisy_ping_pong_006,noisy_ping_pong,7.75,126.905,-90.0,1,0
noisy_ping_pong_006,noisy_ping_pong,7.76667,125.405,-90.0,1,0
noisy_ping_pong_006,noisy_ping_pong,7.78333,123.905,-90.0,1,0
noisy_ping_pong_006,noisy_ping_pong,7.8,122.405,-90.0,1,0
noisy_ping_pong_006,noisy_ping_pong,7.81667,120.905,-90.0,1,0
noisy_ping_pong_006,noisy_ping_pong,7.83333,119.405,-90.0,1,0
noisy_ping_pong_006,noisy_ping_pong,7.85,117.905,-90.0,0,1
noisy_ping_pong_006,noisy_ping_pong,7.86667,119.405,90.0,1,0
noisy_ping_pong_006,noisy_ping_pong,7.88333,117.905,-90.0,1,0
noisy_ping_pong_006,noisy_ping_pong,7.9,116.405,-90.0,1,0
noisy_ping_pong_006,noisy_ping_pong,7.91667,114.905,-90.0,1,0
noisy_ping_pong_006,noisy_ping_pong,7.93333,113.405,-90.0,1,0
noisy_ping_pong_006,noisy_ping_pong,7.95,111.905,-90.0,1,0
noisy_ping_pong_006,noisy_ping_pong,7.96667,110.405,-90.0,1,0
noisy_ping_pong_006,noisy_ping_pong,7.98333,108.905,-90.0,1,0
noisy_ping_pong_006,noisy_ping_pong,8.0,107.405,-90.0,1,0
noisy_ping_pong_006,noisy_ping_pong,8.01667,105.905,-90.0,1,0
noisy_ping_pong_006,noisy_ping_pong,8.03333,104.405,-90.0,1,0
noisy_ping_pong_006,noisy_ping_pong,8.05,102.905,-90.0,1,0
noisy_ping_pong_006,noisy_ping_pong,8.06667,101.405,-90.0,1,0
noisy_ping_pong_006,noisy_ping_pong,8.08333,99.905,-90.0,1,0
noisy_ping_pong_006,noisy_ping_pong,8.1,98.405,-90.0,1,0
noisy_ping_pong_006,noisy_ping_pong,8.11667,96.905,-90.0,1,0
noisy_ping_pong_006,noisy_ping_pong,8.13333,95.405,-90.0,1,0
noisy_ping_pong_006,noisy_ping_pong,8.15,93.905,-90.0,1,0
noisy_ping_pong_006,noisy_ping_pong,8.16667,92.405,-90.0,1,0
noisy_ping_pong_006,noisy_ping_pong,8.18333,90.905,-90.0,1,0
noisy_ping_pong_006,noisy_ping_pong,8.2,89.405,-90.0,1,0
noisy_ping_pong_006,noisy_ping_pong,8.21667,87.905,-90.0,1,0
noisy_ping_pong_006,noisy_ping_pong,8.23333,86.405,-90.0,1,0
noisy_ping_pong_006,noisy_ping_pong,8.25,84.905,-90.0,1,0
noisy_ping_pong_006,noisy_ping_pong,8.26667,83.405,-90.0,1,0
noisy_ping_pong_006,noisy_ping_pong,8.28333,81.905,-90.0,1,0
noisy_ping_pong_006,noisy_ping_pong,8.3,80.405,-90.0,1,0
noisy_ping_pong_006,noisy_ping_pong,8.31667,78.905,-90.0,1,0
noisy_ping_pong_006,noisy_ping_pong,8.33333,77.405,-90.0,1,0
noisy_ping_pong_006,noisy_ping_pong,8.35,75.905,-90.0,1,0
noisy_ping_pong_006,noisy_ping_pong,8.36667,74.405,-90.0,1,0
noisy_ping_pong_006,noisy_ping_pong,8.38333,72.905,-90.0,1,0
noisy_ping_pong_006,noisy_ping_pong,8.4,71.405,-90.0,1,0
noisy_ping_pong_006,noisy_ping_pong,8.41667,69.905,-90.0,1,0
noisy_ping_pong_006,noisy_ping_pong,8.43333,68.405,-90.0,1,0
noisy_ping_pong_006,noisy_ping_pong,8.45,66.905,-90.0,1,0
noisy_ping_pong_006,noisy_ping_pong,8.46667,65.405,-90.0,1,0
noisy_ping_pong_006,noisy_ping_pong,8.48333,63.905,-90.0,1,0
noisy_ping_pong_006,noisy_ping_pong,8.5,62.405,-90.0,1,0
noisy_ping_pong_006,noisy_ping_pong,8.51667,60.905,-90.0,1,0
noisy_ping_pong_006,noisy_ping_pong,8.53333,59.405,-90.0,1,0
noisy_ping_pong_006,noisy_ping_pong,8.55,57.905,-90.0,1,0
noisy_ping_pong_006,noisy_ping_pong,8.56667,56.405,-90.0,1,0
noisy_ping_pong_006,noisy_ping_pong,8.58333,54.905,-90.0,1,0
noisy_ping_pong_006,noisy_ping_pong,8.6,53.405,-90.0,1,0
noisy_ping_pong_006,noisy_ping_pong,8.61667,51.905,-90.0,1,0
noisy_ping_pong_006,noisy_ping_pong,8.63333,50.405,-90.0,1,0
noisy_ping_pong_006,noisy_ping_pong,8.65,48.905,-90.0,1,0
noisy_ping_pong_006,noisy_ping_pong,8.66667,47.405,-90.0,1,0
noisy_ping_pong_006,noisy_ping_pong,8.68333,45.905,-90.0,1,0
noisy_ping_pong_006,noisy_ping_pong,8.7,44.405,-90.0,1,0
noisy_ping_pong_006,noisy_ping_pong,8.71667,42.905,-90.0,1,0
noisy_ping_pong_006,noisy_ping_pong,8.73333,41.405,-90.0,0,0
noisy_ping_pong_006,noisy_ping_pong,8.75,41.405,0.0,1,0
noisy_ping_pong_006,noisy_ping_pong,8.76667,39.905,-90.0,1,0
noisy_ping_pong_006,noisy_ping_pong,8.78333,38.405,-90.0,1,0
noisy_ping_pong_006,noisy_ping_pong,8.8,36.905,-90.0,1,0
noisy_ping_pong_006,noisy_ping_pong,8.81667,35.405,-90.0,1,0
noisy_ping_pong_006,noisy_ping_pong,8.83333,33.905,-90.0,1,0
noisy_ping_pong_006,noisy_ping_pong,8.85,32.405,-90.0,1,0
noisy_ping_pong_006,noisy_ping_pong,8.86667,30.905,-90.0,0,0
noisy_ping_pong_006,noisy_ping_pong,8.88333,30.905,0.0,1,0
noisy_ping_pong_006,noisy_ping_pong,8.9,29.405,-90.0,1,0
noisy_ping_pong_006,noisy_ping_pong,8.91667,27.905,-90.0,1,0
noisy_ping_pong_006,noisy_ping_pong,8.93333,26.405,-90.0,1,0
noisy_ping_pong_006,noisy_ping_pong,8.95,24.905,-90.0,1,0
noisy_ping_pong_006,noisy_ping_pong,8.96667,23.405,-90.0,1,0
noisy_ping_pong_006,noisy_ping_pong,8.98333,21.905,-90.0,1,0
noisy_ping_pong_006,noisy_ping_pong,9.0,20.405,-90.0,1,0
noisy_ping_pong_006,noisy_ping_pong,9.01667,18.905,-90.0,1,0
noisy_ping_pong_006,noisy_ping_pong,9.03333,17.405,-90.0,1,0
noisy_ping_pong_006,noisy_ping_pong,9.05,15.905,-90.0,1,0
noisy_ping_pong_006,noisy_ping_pong,9.06667,14.405,-90.0,1,0
noisy_ping_pong_006,noisy_ping_pong,9.08333,12.905,-90.0,1,0
noisy_ping_pong_006,noisy_ping_pong,9.1,11.405,-90.0,1,0
noisy_ping_pong_006,noisy_ping_pong,9.11667,9.905,-90.0,1,0
noisy_ping_pong_006,noisy_ping_pong,9.13333,8.405,-90.0,1,0
noisy_ping_pong_006,noisy_ping_pong,9.15,6.905,-90.0,1,0
noisy_ping_pong_006,noisy_ping_pong,9.16667,5.405,-90.0,1,0
noisy_ping_pong_006,noisy_ping_pong,9.18333,3.905,-90.0,0,0
noisy_ping_pong_006,noisy_ping_pong,9.2,3.905,0.0,0,0
noisy_ping_pong_006,noisy_ping_pong,9.21667,3.905,0.0,0,0
noisy_ping_pong_006,noisy_ping_pong,9.23333,3.905,0.0,0,0
noisy_ping_pong_006,noisy_ping_pong,9.25,3.905,0.0,0,0
noisy_ping_pong_006,noisy_ping_pong,9.26667,3.905,0.0,0,0
noisy_ping_pong_006,noisy_ping_pong,9.28333,3.905,0.0,0,0
noisy_ping_pong_006,noisy_ping_pong,9.3,3.905,0.0,0,0
noisy_ping_pong_006,noisy_ping_pong,9.31667,3.905,0.0,0,0
noisy_ping_pong_006,noisy_ping_pong,9.33333,3.905,0.0,0,0
noisy_ping_pong_006,noisy_ping_pong,9.35,3.905,0.0,0,0
noisy_ping_pong_006,noisy_ping_pong,9.36667,3.905,0.0,0,0
noisy_ping_pong_006,noisy_ping_pong,9.38333,3.905,0.0,0,0
noisy_ping_pong_006,noisy_ping_pong,9.4,3.905,0.0,0,0
noisy_ping_pong_006,noisy_ping_pong,9.41667,3.905,0.0,0,0
noisy_ping_pong_006,noisy_ping_pong,9.43333,3.905,0.0,0,0
noisy_ping_pong_006,noisy_ping_pong,9.45,3.905,0.0,0,0
noisy_ping_pong_006,noisy_ping_pong,9.46667,3.905,0.0,0,0
noisy_ping_pong_006,noisy_ping_pong,9.48333,3.905,0.0,0,1
noisy_ping_pong_006,noisy_ping_pong,9.5,5.405,90.0,0,1
noisy_ping_pong_006,noisy_ping_pong,9.51667,6.905,90.0,0,1
noisy_ping_pong_006,noisy_ping_pong,9.53333,8.405,90.0,0,1
noisy_ping_pong_006,noisy_ping_pong,9.55,9.905,90.0,0,1
noisy_ping_pong_006,noisy_ping_pong,9.56667,11.405,90.0,0,1
noisy_ping_pong_006,noisy_ping_pong,9.58333,12.905,90.0,0,1
noisy_ping_pong_006,noisy_ping_pong,9.6,14.405,90.0,0,1
noisy_ping_pong_006,noisy_ping_pong,9.61667,15.905,90.0,0,1
noisy_ping_pong_006,noisy_ping_pong,9.63333,17.405,90.0,0,1
noisy_ping_pong_006,noisy_ping_pong,9.65,18.905,90.0,0,1
noisy_ping_pong_006,noisy_ping_pong,9.66667,20.405,90.0,0,1
noisy_ping_pong_006,noisy_ping_pong,9.68333,21.905,90.0,0,1
noisy_ping_pong_006,noisy_ping_pong,9.7,23.405,90.0,0,1
noisy_ping_pong_006,noisy_ping_pong,9.71667,24.905,90.0,0,1
noisy_ping_pong_006,noisy_ping_pong,9.73333,26.405,90.0,0,1
noisy_ping_pong_006,noisy_ping_pong,9.75,27.905,90.0,0,1
noisy_ping_pong_006,noisy_ping_pong,9.76667,29.405,90.0,0,1
noisy_ping_pong_006,noisy_ping_pong,9.78333,30.905,90.0,0,1
noisy_ping_pong_006,noisy_ping_pong,9.8,32.405,90.0,0,1
noisy_ping_pong_006,noisy_ping_pong,9.81667,33.905,90.0,0,1
noisy_ping_pong_006,noisy_ping_pong,9.83333,35.405,90.0,0,1
noisy_ping_pong_006,noisy_ping_pong,9.85,36.905,90.0,0,1
noisy_ping_pong_006,noisy_ping_pong,9.86667,38.405,90.0,0,1
noisy_ping_pong_006,noisy_ping_pong,9.88333,39.905,90.0,0,1
noisy_ping_pong_006,noisy_ping_pong,9.9,41.405,90.0,0,1
noisy_ping_pong_006,noisy_ping_pong,9.91667,42.905,90.0,0,1
noisy_ping_pong_006,noisy_ping_pong,9.93333,44.405,90.0,0,1
noisy_ping_pong_006,noisy_ping_pong,9.95,45.905,90.0,0,1
noisy_ping_pong_006,noisy_ping_pong,9.96667,47.405,90.0,0,1
noisy_ping_pong_006,noisy_ping_pong,9.98333,48.905,90.0,0,1
noisy_ping_pong_006,noisy_ping_pong,10.0,50.405,90.0,0,1
noisy_ping_pong_006,noisy_ping_pong,10.01667,51.905,90.0,0,1
noisy_ping_pong_006,noisy_ping_pong,10.03333,53.405,90.0,0,1
noisy_ping_pong_006,noisy_ping_pong,10.05,54.905,90.0,0,1
noisy_ping_pong_006,noisy_ping_pong,10.06667,56.405,90.0,0,1
noisy_ping_pong_006,noisy_ping_pong,10.08333,57.905,90.0,0,1
noisy_ping_pong_006,noisy_ping_pong,10.1,59.405,90.0,0,1
noisy_ping_pong_006,noisy_ping_pong,10.11667,60.905,90.0,0,1
noisy_ping_pong_006,noisy_ping_pong,10.13333,62.405,90.0,0,1
noisy_ping_pong_006,noisy_ping_pong,10.15,63.905,90.0,0,1
noisy_ping_pong_006,noisy_ping_pong,10.16667,65.405,90.0,0,1
noisy_ping_pong_006,noisy_ping_pong,10.18333,66.905,90.0,0,1
noisy_ping_pong_006,noisy_ping_pong,10.2,68.405,90.0,0,1
noisy_ping_pong_006,noisy_ping_pong,10.21667,69.905,90.0,0,1
noisy_ping_pong_006,noisy_ping_pong,10.23333,71.405,90.0,0,1
noisy_ping_pong_006,noisy_ping_pong,10.25,72.905,90.0,0,1
noisy_ping_pong_006,noisy_ping_pong,10.26667,74.405,90.0,0,1
noisy_ping_pong_006,noisy_ping_pong,10.28333,75.905,90.0,0,1
noisy_ping_pong_006,noisy_ping_pong,10.3,77.405,90.0,0,1
noisy_ping_pong_006,noisy_ping_pong,10.31667,78.905,90.0,0,1
noisy_ping_pong_006,noisy_ping_pong,10.33333,80.405,90.0,0,0
noisy_ping_pong_006,noisy_ping_pong,10.35,80.405,0.0,0,1
noisy_ping_pong_006,noisy_ping_pong,10.36667,81.905,90.0,0,1
noisy_ping_pong_006,noisy_ping_pong,10.38333,83.405,90.0,0,1
noisy_ping_pong_006,noisy_ping_pong,10.4,84.905,90.0,0,1
noisy_ping_pong_006,noisy_ping_pong,10.41667,86.405,90.0,0,1
noisy_ping_pong_006,noisy_ping_pong,10.43333,87.905,90.0,0,1
noisy_ping_pong_006,noisy_ping_pong,10.45,89.405,90.0,0,1
noisy_ping_pong_006,noisy_ping_pong,10.46667,90.905,90.0,0,1
noisy_ping_pong_006,noisy_ping_pong,10.48333,92.405,90.0,0,1
noisy_ping_pong_006,noisy_ping_pong,10.5,93.905,90.0,0,1
noisy_ping_pong_006,noisy_ping_pong,10.51667,95.405,90.0,0,1
noisy_ping_pong_006,noisy_ping_pong,10.53333,96.905,90.0,0,1
noisy_ping_pong_006,noisy_ping_pong,10.55,98.405,90.0,0,1
noisy_ping_pong_006,noisy_ping_pong,10.56667,99.905,90.0,0,1
noisy_ping_pong_006,noisy_ping_pong,10.58333,101.405,90.0,0,1
noisy_ping_pong_006,noisy_ping_pong,10.6,102.905,90.0,0,1
noisy_ping_pong_006,noisy_ping_pong,10.61667,104.405,90.0,0,1
noisy_ping_pong_006,noisy_ping_pong,10.63333,105.905,90.0,0,1
noisy_ping_pong_006,noisy_ping_pong,10.65,107.405,90.0,0,1
noisy_ping_pong_006,noisy_ping_pong,10.66667,108.905,90.0,0,1
noisy_ping_pong_006,noisy_ping_pong,10.68333,110.405,90.0,0,1
noisy_ping_pong_006,noisy_ping_pong,10.7,111.905,90.0,0,1
noisy_ping_pong_006,noisy_ping_pong,10.71667,113.405,90.0,0,1
noisy_ping_pong_006,noisy_ping_pong,10.73333,114.905,90.0,0,1
noisy_ping_pong_006,noisy_ping_pong,10.75,116.405,90.0,0,1
noisy_ping_pong_006,noisy_ping_pong,10.76667,117.905,90.0,0,1
noisy_ping_pong_006,noisy_ping_pong,10.78333,119.405,90.0,0,1
noisy_ping_pong_006,noisy_ping_pong,10.8,120.905,90.0,0,1
noisy_ping_pong_006,noisy_ping_pong,10.81667,122.405,90.0,0,1
noisy_ping_pong_006,noisy_ping_pong,10.83333,123.905,90.0,0,0
noisy_ping_pong_006,noisy_ping_pong,10.85,123.905,0.0,0,1
noisy_ping_pong_006,noisy_ping_pong,10.86667,125.405,90.0,0,1
noisy_ping_pong_006,noisy_ping_pong,10.88333,126.905,90.0,0,1
noisy_ping_pong_006,noisy_ping_pong,10.9,128.405,90.0,0,1
noisy_ping_pong_006,noisy_ping_pong,10.91667,129.905,90.0,0,1
noisy_ping_pong_006,noisy_ping_pong,10.93333,131.405,90.0,1,0
noisy_ping_pong_006,noisy_ping_pong,10.95,129.905,-90.0,0,1
noisy_ping_pong_006,noisy_ping_pong,10.96667,131.405,90.0,0,1
noisy_ping_pong_006,noisy_ping_pong,10.98333,132.905,90.0,0,1
noisy_ping_pong_006,noisy_ping_pong,11.0,134.405,90.0,0,1
noisy_ping_pong_006,noisy_ping_pong,11.01667,135.905,90.0,0,1
noisy_ping_pong_006,noisy_ping_pong,11.03333,137.405,90.0,0,1
noisy_ping_pong_006,noisy_ping_pong,11.05,138.905,90.0,0,1
noisy_ping_pong_006,noisy_ping_pong,11.06667,140.405,90.0,0,1
noisy_ping_pong_006,noisy_ping_pong,11.08333,141.905,90.0,0,1
noisy_ping_pong_006,noisy_ping_pong,11.1,143.405,90.0,0,1
noisy_ping_pong_006,noisy_ping_pong,11.11667,144.905,90.0,0,1
noisy_ping_pong_006,noisy_ping_pong,11.13333,146.405,90.0,0,1
noisy_ping_pong_006,noisy_ping_pong,11.15,147.905,90.0,0,1
noisy_ping_pong_006,noisy_ping_pong,11.16667,149.405,90.0,0,1
noisy_ping_pong_006,noisy_ping_pong,11.18333,150.905,90.0,0,1
noisy_ping_pong_006,noisy_ping_pong,11.2,152.405,90.0,0,1
noisy_ping_pong_006,noisy_ping_pong,11.21667,153.905,90.0,0,1
noisy_ping_pong_006,noisy_ping_pong,11.23333,155.405,90.0,0,1
noisy_ping_pong_006,noisy_ping_pong,11.25,156.905,90.0,0,1
noisy_ping_pong_006,noisy_ping_pong,11.26667,158.405,90.0,0,1
noisy_ping_pong_006,noisy_ping_pong,11.28333,159.905,90.0,0,1
noisy_ping_pong_006,noisy_ping_pong,11.3,161.405,90.0,0,1
noisy_ping_pong_006,noisy_ping_pong,11.31667,162.905,90.0,0,1
noisy_ping_pong_006,noisy_ping_pong,11.33333,164.405,90.0,0,1
noisy_ping_pong_006,noisy_ping_pong,11.35,165.905,90.0,0,1
noisy_ping_pong_006,noisy_ping_pong,11.36667,167.405,90.0,0,1
noisy_ping_pong_006,noisy_ping_pong,11.38333,168.905,90.0,0,1
noisy_ping_pong_006,noisy_ping_pong,11.4,170.405,90.0,0,1
noisy_ping_pong_006,noisy_ping_pong,11.41667,171.905,90.0,0,1
noisy_ping_pong_006,noisy_ping_pong,11.43333,173.405,90.0,0,1
noisy_ping_pong_006,noisy_ping_pong,11.45,174.905,90.0,1,0
noisy_ping_pong_006,noisy_ping_pong,11.46667,173.405,-90.0,0,1
noisy_ping_pong_006,noisy_ping_pong,11.48333,174.905,90.0,0,1
noisy_ping_pong_006,noisy_ping_pong,11.5,176.405,90.0,0,1
noisy_ping_pong_006,noisy_ping_pong,11.51667,177.905,90.0,0,1
noisy_ping_pong_006,noisy_ping_pong,11.53333,179.405,90.0,0,1
noisy_ping_pong_006,noisy_ping_pong,11.55,180.905,90.0,0,1
noisy_ping_pong_006,noisy_ping_pong,11.56667,182.405,90.0,0,1
noisy_ping_pong_006,noisy_ping_pong,11.58333,183.905,90.0,0,1
noisy_ping_pong_006,noisy_ping_pong,11.6,185.405,90.0,0,1
noisy_ping_pong_006,noisy_ping_pong,11.61667,186.905,90.0,0,1
noisy_ping_pong_006,noisy_ping_pong,11.63333,188.405,90.0,0,1
noisy_ping_pong_006,noisy_ping_pong,11.65,189.905,90.0,0,1
noisy_ping_pong_006,noisy_ping_pong,11.66667,191.405,90.0,0,1
noisy_ping_pong_006,noisy_ping_pong,11.68333,192.905,90.0,0,1
noisy_ping_pong_006,noisy_ping_pong,11.7,194.405,90.0,0,1
noisy_ping_pong_006,noisy_ping_pong,11.71667,195.905,90.0,0,1
noisy_ping_pong_006,noisy_ping_pong,11.73333,197.405,90.0,1,0
noisy_ping_pong_006,noisy_ping_pong,11.75,195.905,-90.0,0,1
noisy_ping_pong_006,noisy_ping_pong,11.76667,197.405,90.0,0,1
noisy_ping_pong_006,noisy_ping_pong,11.78333,198.905,90.0,0,1
noisy_ping_pong_006,noisy_ping_pong,11.8,200.405,90.0,0,1
noisy_ping_pong_006,noisy_ping_pong,11.81667,201.905,90.0,0,0
noisy_ping_pong_006,noisy_ping_pong,11.83333,201.905,0.0,0,0
noisy_ping_pong_006,noisy_ping_pong,11.85,201.905,0.0,0,0
noisy_ping_pong_006,noisy_ping_pong,11.86667,201.905,0.0,0,0
noisy_ping_pong_006,noisy_ping_pong,11.88333,201.905,0.0,1,0
noisy_ping_pong_006,noisy_ping_pong,11.9,200.405,-90.0,0,0
noisy_ping_pong_006,noisy_ping_pong,11.91667,200.405,0.0,0,0
noisy_ping_pong_006,noisy_ping_pong,11.93333,200.405,0.0,0,0
noisy_ping_pong_006,noisy_ping_pong,11.95,200.405,0.0,0,0
noisy_ping_pong_006,noisy_ping_pong,11.96667,200.405,0.0,0,0
noisy_ping_pong_006,noisy_ping_pong,11.98333,200.405,0.0,0,0
noisy_ping_pong_006,noisy_ping_pong,12.0,200.405,0.0,0,0
noisy_ping_pong_006,noisy_ping_pong,12.01667,200.405,0.0,0,0
noisy_ping_pong_006,noisy_ping_pong,12.03333,200.405,0.0,0,0
noisy_ping_pong_006,noisy_ping_pong,12.05,200.405,0.0,0,0
noisy_ping_pong_006,noisy_ping_pong,12.06667,200.405,0.0,0,0
noisy_ping_pong_006,noisy_ping_pong,12.08333,200.405,0.0,0,0
noisy_ping_pong_006,noisy_ping_pong,12.1,200.405,0.0,1,0
noisy_ping_pong_006,noisy_ping_pong,12.11667,198.905,-90.0,1,0
noisy_ping_pong_006,noisy_ping_pong,12.13333,197.405,-90.0,1,0
noisy_ping_pong_006,noisy_ping_pong,12.15,195.905,-90.0,1,0
noisy_ping_pong_006,noisy_ping_pong,12.16667,194.405,-90.0,1,0
noisy_ping_pong_006,noisy_ping_pong,12.18333,192.905,-90.0,1,0
noisy_ping_pong_006,noisy_ping_pong,12.2,191.405,-90.0,1,0
noisy_ping_pong_006,noisy_ping_pong,12.21667,189.905,-90.0,1,0
noisy_ping_pong_006,noisy_ping_pong,12.23333,188.405,-90.0,1,0
noisy_ping_pong_006,noisy_ping_pong,12.25,186.905,-90.0,1,0
noisy_ping_pong_006,noisy_ping_pong,12.26667,185.405,-90.0,1,0
noisy_ping_pong_006,noisy_ping_pong,12.28333,183.905,-90.0,1,0
noisy_ping_pong_006,noisy_ping_pong,12.3,182.405,-90.0,1,0
noisy_ping_pong_006,noisy_ping_pong,12.31667,180.905,-90.0,1,0
noisy_ping_pong_006,noisy_ping_pong,12.33333,179.405,-90.0,1,0
noisy_ping_pong_006,noisy_ping_pong,12.35,177.905,-90.0,1,0
noisy_ping_pong_006,noisy_ping_pong,12.36667,176.405,-90.0,1,0
noisy_ping_pong_006,noisy_ping_pong,12.38333,174.905,-90.0,1,0
noisy_ping_pong_006,noisy_ping_pong,12.4,173.405,-90.0,1,0
noisy_ping_pong_006,noisy_ping_pong,12.41667,171.905,-90.0,1,0
noisy_ping_pong_006,noisy_ping_pong,12.43333,170.405,-90.0,1,0
noisy_ping_pong_006,noisy_ping_pong,12.45,168.905,-90.0,1,0
noisy_ping_pong_006,noisy_ping_pong,12.46667,167.405,-90.0,1,0
noisy_ping_pong_006,noisy_ping_pong,12.48333,165.905,-90.0,1,0
noisy_ping_pong_006,noisy_ping_pong,12.5,164.405,-90.0,1,0
noisy_ping_pong_006,noisy_ping_pong,12.51667,162.905,-90.0,1,0
noisy_ping_pong_006,noisy_ping_pong,12.53333,161.405,-90.0,1,0
noisy_ping_pong_006,noisy_ping_pong,12.55,159.905,-90.0,1,0
noisy_ping_pong_006,noisy_ping_pong,12.56667,158.405,-90.0,1,0
noisy_ping_pong_006,noisy_ping_pong,12.58333,156.905,-90.0,1,0
noisy_ping_pong_006,noisy_ping_pong,12.6,155.405,-90.0,1,0
noisy_ping_pong_006,noisy_ping_pong,12.61667,153.905,-90.0,0,0
noisy_ping_pong_006,noisy_ping_pong,12.63333,153.905,0.0,1,0
noisy_ping_pong_006,noisy_ping_pong,12.65,152.405,-90.0,1,0
noisy_ping_pong_006,noisy_ping_pong,12.66667,150.905,-90.0,1,0
noisy_ping_pong_006,noisy_ping_pong,12.68333,149.405,-90.0,1,0
noisy_ping_pong_006,noisy_ping_pong,12.7,147.905,-90.0,1,0
noisy_ping_pong_006,noisy_ping_pong,12.71667,146.405,-90.0,1,0
noisy_ping_pong_006,noisy_ping_pong,12.73333,144.905,-90.0,1,0
noisy_ping_pong_006,noisy_ping_pong,12.75,143.405,-90.0,1,0
noisy_ping_pong_006,noisy_ping_pong,12.76667,141.905,-90.0,1,0
noisy_ping_pong_006,noisy_ping_pong,12.78333,140.405,-90.0,1,0
noisy_ping_pong_006,noisy_ping_pong,12.8,138.905,-90.0,1,0
noisy_ping_pong_006,noisy_ping_pong,12.81667,137.405,-90.0,1,0
noisy_ping_pong_006,noisy_ping_pong,12.83333,135.905,-90.0,1,0
noisy_ping_pong_006,noisy_ping_pong,12.85,134.405,-90.0,1,0
noisy_ping_pong_006,noisy_ping_pong,12.86667,132.905,-90.0,1,0
noisy_ping_pong_006,noisy_ping_pong,12.88333,131.405,-90.0,1,0
noisy_ping_pong_006,noisy_ping_pong,12.9,129.905,-90.0,1,0
noisy_ping_pong_006,noisy_ping_pong,12.91667,128.405,-90.0,1,0
noisy_ping_pong_006,noisy_ping_pong,12.93333,126.905,-90.0,1,0
noisy_ping_pong_006,noisy_ping_pong,12.95,125.405,-90.0,1,0
noisy_ping_pong_006,noisy_ping_pong,12.96667,123.905,-90.0,1,0
noisy_ping_pong_006,noisy_ping_pong,12.98333,122.405,-90.0,1,0
noisy_ping_pong_006,noisy_ping_pong,13.0,120.905,-90.0,1,0
noisy_ping_pong_006,noisy_ping_pong,13.01667,119.405,-90.0,1,0
noisy_ping_pong_006,noisy_ping_pong,13.03333,117.905,-90.0,0,1
noisy_ping_pong_006,noisy_ping_pong,13.05,119.405,90.0,1,0
noisy_ping_pong_006,noisy_ping_pong,13.06667,117.905,-90.0,1,0
noisy_ping_pong_006,noisy_ping_pong,13.08333,116.405,-90.0,1,0
noisy_ping_pong_006,noisy_ping_pong,13.1,114.905,-90.0,1,0
noisy_ping_pong_006,noisy_ping_pong,13.11667,113.405,-90.0,1,0
noisy_ping_pong_006,noisy_ping_pong,13.13333,111.905,-90.0,1,0
noisy_ping_pong_006,noisy_ping_pong,13.15,110.405,-90.0,1,0
noisy_ping_pong_006,noisy_ping_pong,13.16667,108.905,-90.0,1,0
noisy_ping_pong_006,noisy_ping_pong,13.18333,107.405,-90.0,1,0
noisy_ping_pong_006,noisy_ping_pong,13.2,105.905,-90.0,1,0
noisy_ping_pong_006,noisy_ping_pong,13.21667,104.405,-90.0,0,0
noisy_ping_pong_006,noisy_ping_pong,13.23333,104.405,0.0,1,0
noisy_ping_pong_006,noisy_ping_pong,13.25,102.905,-90.0,1,0
noisy_ping_pong_006,noisy_ping_pong,13.26667,101.405,-90.0,1,0
noisy_ping_pong_006,noisy_ping_pong,13.28333,99.905,-90.0,1,0
noisy_ping_pong_006,noisy_ping_pong,13.3,98.405,-90.0,1,0
noisy_ping_pong_006,noisy_ping_pong,13.31667,96.905,-90.0,1,0
noisy_ping_pong_006,noisy_ping_pong,13.33333,95.405,-90.0,1,0
noisy_ping_pong_006,noisy_ping_pong,13.35,93.905,-90.0,1,0
noisy_ping_pong_006,noisy_ping_pong,13.36667,92.405,-90.0,1,0
noisy_ping_pong_006,noisy_ping_pong,13.38333,90.905,-90.0,1,0
noisy_ping_pong_006,noisy_ping_pong,13.4,89.405,-90.0,1,0
noisy_ping_pong_006,noisy_ping_pong,13.41667,87.905,-90.0,1,0
noisy_ping_pong_006,noisy_ping_pong,13.43333,86.405,-90.0,1,0
noisy_ping_pong_006,noisy_ping_pong,13.45,84.905,-90.0,1,0
noisy_ping_pong_006,noisy_ping_pong,13.46667,83.405,-90.0,1,0
noisy_ping_pong_006,noisy_ping_pong,13.48333,81.905,-90.0,0,0
noisy_ping_pong_006,noisy_ping_pong,13.5,81.905,0.0,1,0
noisy_ping_pong_006,noisy_ping_pong,13.51667,80.405,-90.0,1,0
noisy_ping_pong_006,noisy_ping_pong,13.53333,78.905,-90.0,1,0
noisy_ping_pong_006,noisy_ping_pong,13.55,77.405,-90.0,1,0
noisy_ping_pong_006,noisy_ping_pong,13.56667,75.905,-90.0,1,0
noisy_ping_pong_006,noisy_ping_pong,13.58333,74.405,-90.0,1,0
noisy_ping_pong_006,noisy_ping_pong,13.6,72.905,-90.0,1,0
noisy_ping_pong_006,noisy_ping_pong,13.61667,71.405,-90.0,1,0
noisy_ping_pong_006,noisy_ping_pong,13.63333,69.905,-90.0,1,0
noisy_ping_pong_006,noisy_ping_pong,13.65,68.405,-90.0,1,0
noisy_ping_pong_006,noisy_ping_pong,13.66667,66.905,-90.0,1,0
noisy_ping_pong_006,noisy_ping_pong,13.68333,65.405,-90.0,1,0
noisy_ping_pong_006,noisy_ping_pong,13.7,63.905,-90.0,1,0
noisy_ping_pong_006,noisy_ping_pong,13.71667,62.405,-90.0,1,0
noisy_ping_pong_006,noisy_ping_pong,13.73333,60.905,-90.0,1,0
noisy_ping_pong_006,noisy_ping_pong,13.75,59.405,-90.0,1,0
noisy_ping_pong_006,noisy_ping_pong,13.76667,57.905,-90.0,0,0
noisy_ping_pong_006,noisy_ping_pong,13.78333,57.905,0.0,1,0
noisy_ping_pong_006,noisy_ping_pong,13.8,56.405,-90.0,1,0
noisy_ping_pong_006,noisy_ping_pong,13.81667,54.905,-90.0,1,0
noisy_ping_pong_006,noisy_ping_pong,13.83333,53.405,-90.0,1,0
noisy_ping_pong_006,noisy_ping_pong,13.85,51.905,-90.0,1,0
noisy_ping_pong_006,noisy_ping_pong,13.86667,50.405,-90.0,1,0
noisy_ping_pong_006,noisy_ping_pong,13.88333,48.905,-90.0,1,0
noisy_ping_pong_006,noisy_ping_pong,13.9,47.405,-90.0,1,0
noisy_ping_pong_006,noisy_ping_pong,13.91667,45.905,-90.0,1,0
noisy_ping_pong_006,noisy_ping_pong,13.93333,44.405,-90.0,1,0
noisy_ping_pong_006,noisy_ping_pong,13.95,42.905,-90.0,1,0
noisy_ping_pong_006,noisy_ping_pong,13.96667,41.405,-90.0,0,0
noisy_ping_pong_006,noisy_ping_pong,13.98333,41.405,0.0,1,0
noisy_ping_pong_006,noisy_ping_pong,14.0,39.905,-90.0,1,0
noisy_ping_pong_006,noisy_ping_pong,14.01667,38.405,-90.0,1,0
noisy_ping_pong_006,noisy_ping_pong,14.03333,36.905,-90.0,1,0
noisy_ping_pong_006,noisy_ping_pong,14.05,35.405,-90.0,1,0
noisy_ping_pong_006,noisy_ping_pong,14.06667,33.905,-90.0,1,0
noisy_ping_pong_006,noisy_ping_pong,14.08333,32.405,-90.0,1,0
noisy_ping_pong_006,noisy_ping_pong,14.1,30.905,-90.0,1,0
noisy_ping_pong_006,noisy_ping_pong,14.11667,29.405,-90.0,1,0
noisy_ping_pong_006,noisy_ping_pong,14.13333,27.905,-90.0,1,0
noisy_ping_pong_006,noisy_ping_pong,14.15,26.405,-90.0,1,0
noisy_ping_pong_006,noisy_ping_pong,14.16667,24.905,-90.0,1,0
noisy_ping_pong_006,noisy_ping_pong,14.18333,23.405,-90.0,1,0
noisy_ping_pong_006,noisy_ping_pong,14.2,21.905,-90.0,1,0
noisy_ping_pong_006,noisy_ping_pong,14.21667,20.405,-90.0,1,0
noisy_ping_pong_006,noisy_ping_pong,14.23333,18.905,-90.0,1,0
noisy_ping_pong_006,noisy_ping_pong,14.25,17.405,-90.0,1,0
noisy_ping_pong_006,noisy_ping_pong,14.26667,15.905,-90.0,1,0
noisy_ping_pong_006,noisy_ping_pong,14.28333,14.405,-90.0,1,0
noisy_ping_pong_006,noisy_ping_pong,14.3,12.905,-90.0,1,0
noisy_ping_pong_006,noisy_ping_pong,14.31667,11.405,-90.0,1,0
noisy_ping_pong_006,noisy_ping_pong,14.33333,9.905,-90.0,1,0
noisy_ping_pong_006,noisy_ping_pong,14.35,8.405,-90.0,1,0
noisy_ping_pong_006,noisy_ping_pong,14.36667,6.905,-90.0,1,0
noisy_ping_pong_006,noisy_ping_pong,14.38333,5.405,-90.0,1,0
noisy_ping_pong_006,noisy_ping_pong,14.4,3.905,-90.0,1,0
noisy_ping_pong_006,noisy_ping_pong,14.41667,2.405,-90.0,0,0
noisy_ping_pong_006,noisy_ping_pong,14.43333,2.405,0.0,0,0
noisy_ping_pong_006,noisy_ping_pong,14.45,2.405,0.0,0,0
noisy_ping_pong_006,noisy_ping_pong,14.46667,2.405,0.0,1,0
noisy_ping_pong_006,noisy_ping_pong,14.48333,0.905,-90.0,0,0
noisy_ping_pong_006,noisy_ping_pong,14.5,0.905,0.0,0,0
noisy_ping_pong_006,noisy_ping_pong,14.51667,0.905,0.0,0,0
noisy_ping_pong_006,noisy_ping_pong,14.53333,0.905,0.0,0,0
noisy_ping_pong_006,noisy_ping_pong,14.55,0.905,0.0,0,0
noisy_ping_pong_006,noisy_ping_pong,14.56667,0.905,0.0,0,0
noisy_ping_pong_006,noisy_ping_pong,14.58333,0.905,0.0,0,0
noisy_ping_pong_006,noisy_ping_pong,14.6,0.905,0.0,0,0
noisy_ping_pong_006,noisy_ping_pong,14.61667,0.905,0.0,0,0
noisy_ping_pong_006,noisy_ping_pong,14.63333,0.905,0.0,0,0
noisy_ping_pong_006,noisy_ping_pong,14.65,0.905,0.0,0,0
noisy_ping_pong_006,noisy_ping_pong,14.66667,0.905,0.0,0,0
noisy_ping_pong_006,noisy_ping_pong,14.68333,0.905,0.0,0,0
noisy_ping_pong_006,noisy_ping_pong,14.7,0.905,0.0,0,1
noisy_ping_pong_006,noisy_ping_pong,14.71667,2.405,90.0,0,1
noisy_ping_pong_006,noisy_ping_pong,14.73333,3.905,90.0,0,1
noisy_ping_pong_006,noisy_ping_pong,14.75,5.405,90.0,0,1
noisy_ping_pong_006,noisy_ping_pong,14.76667,6.905,90.0,0,1
noisy_ping_pong_006,noisy_ping_pong,14.78333,8.405,90.0,0,1
noisy_ping_pong_006,noisy_ping_pong,14.8,9.905,90.0,0,1
noisy_ping_pong_006,noisy_ping_pong,14.81667,11.405,90.0,0,1
noisy_ping_pong_006,noisy_ping_pong,14.83333,12.905,90.0,0,1
noisy_ping_pong_006,noisy_ping_pong,14.85,14.405,90.0,0,1
noisy_ping_pong_006,noisy_ping_pong,14.86667,15.905,90.0,0,0
noisy_ping_pong_006,noisy_ping_pong,14.88333,15.905,0.0,0,1
noisy_ping_pong_006,noisy_ping_pong,14.9,17.405,90.0,0,0
noisy_ping_pong_006,noisy_ping_pong,14.91667,17.405,0.0,0,1
noisy_ping_pong_006,noisy_ping_pong,14.93333,18.905,90.0,0,1
noisy_ping_pong_006,noisy_ping_pong,14.95,20.405,90.0,0,1
noisy_ping_pong_006,noisy_ping_pong,14.96667,21.905,90.0,0,1
noisy_ping_pong_006,noisy_ping_pong,14.98333,23.405,90.0,0,1
noisy_ping_pong_006,noisy_ping_pong,15.0,24.905,90.0,0,1
noisy_ping_pong_006,noisy_ping_pong,15.01667,26.405,90.0,0,1
noisy_ping_pong_006,noisy_ping_pong,15.03333,27.905,90.0,0,1
noisy_ping_pong_006,noisy_ping_pong,15.05,29.405,90.0,0,1
noisy_ping_pong_006,noisy_ping_pong,15.06667,30.905,90.0,0,1
noisy_ping_pong_006,noisy_ping_pong,15.08333,32.405,90.0,0,1
noisy_ping_pong_006,noisy_ping_pong,15.1,33.905,90.0,0,1
noisy_ping_pong_006,noisy_ping_pong,15.11667,35.405,90.0,0,1
noisy_ping_pong_006,noisy_ping_pong,15.13333,36.905,90.0,0,1
noisy_ping_pong_006,noisy_ping_pong,15.15,38.405,90.0,1,0
noisy_ping_pong_006,noisy_ping_pong,15.16667,36.905,-90.0,0,1
noisy_ping_pong_006,noisy_ping_pong,15.18333,38.405,90.0,0,1
noisy_ping_pong_006,noisy_ping_pong,15.2,39.905,90.0,0,1
noisy_ping_pong_006,noisy_ping_pong,15.21667,41.405,90.0,0,1
noisy_ping_pong_006,noisy_ping_pong,15.23333,42.905,90.0,0,1
noisy_ping_pong_006,noisy_ping_pong,15.25,44.405,90.0,0,1
noisy_ping_pong_006,noisy_ping_pong,15.26667,45.905,90.0,0,1
noisy_ping_pong_006,noisy_ping_pong,15.28333,47.405,90.0,0,1
noisy_ping_pong_006,noisy_ping_pong,15.3,48.905,90.0,0,1
noisy_ping_pong_006,noisy_ping_pong,15.31667,50.405,90.0,0,0
noisy_ping_pong_006,noisy_ping_pong,15.33333,50.405,0.0,0,1
noisy_ping_pong_006,noisy_ping_pong,15.35,51.905,90.0,0,1
noisy_ping_pong_006,noisy_ping_pong,15.36667,53.405,90.0,0,1
noisy_ping_pong_006,noisy_ping_pong,15.38333,54.905,90.0,0,1
noisy_ping_pong_006,noisy_ping_pong,15.4,56.405,90.0,0,1
noisy_ping_pong_006,noisy_ping_pong,15.41667,57.905,90.0,0,1
noisy_ping_pong_006,noisy_ping_pong,15.43333,59.405,90.0,0,1
noisy_ping_pong_006,noisy_ping_pong,15.45,60.905,90.0,0,1
noisy_ping_pong_006,noisy_ping_pong,15.46667,62.405,90.0,0,1
noisy_ping_pong_006,noisy_ping_pong,15.48333,63.905,90.0,0,1
noisy_ping_pong_006,noisy_ping_pong,15.5,65.405,90.0,0,1
noisy_ping_pong_006,noisy_ping_pong,15.51667,66.905,90.0,0,1
noisy_ping_pong_006,noisy_ping_pong,15.53333,68.405,90.0,0,1
noisy_ping_pong_006,noisy_ping_pong,15.55,69.905,90.0,1,0
noisy_ping_pong_006,noisy_ping_pong,15.56667,68.405,-90.0,0,1
noisy_ping_pong_006,noisy_ping_pong,15.58333,69.905,90.0,0,1
noisy_ping_pong_006,noisy_ping_pong,15.6,71.405,90.0,0,1
noisy_ping_pong_006,noisy_ping_pong,15.61667,72.905,90.0,0,1
noisy_ping_pong_006,noisy_ping_pong,15.63333,74.405,90.0,0,1
noisy_ping_pong_006,noisy_ping_pong,15.65,75.905,90.0,0,1
noisy_ping_pong_006,noisy_ping_pong,15.66667,77.405,90.0,0,1
noisy_ping_pong_006,noisy_ping_pong,15.68333,78.905,90.0,0,1
noisy_ping_pong_006,noisy_ping_pong,15.7,80.405,90.0,0,1
noisy_ping_pong_006,noisy_ping_pong,15.71667,81.905,90.0,0,1
noisy_ping_pong_006,noisy_ping_pong,15.73333,83.405,90.0,0,1
noisy_ping_pong_006,noisy_ping_pong,15.75,84.905,90.0,0,1
noisy_ping_pong_006,noisy_ping_pong,15.76667,86.405,90.0,0,1
noisy_ping_pong_006,noisy_ping_pong,15.78333,87.905,90.0,0,1
noisy_ping_pong_006,noisy_ping_pong,15.8,89.405,90.0,0,1
noisy_ping_pong_006,noisy_ping_pong,15.81667,90.905,90.0,0,1
noisy_ping_pong_006,noisy_ping_pong,15.83333,92.405,90.0,0,1
noisy_ping_pong_006,noisy_ping_pong,15.85,93.905,90.0,0,1
noisy_ping_pong_006,noisy_ping_pong,15.86667,95.405,90.0,0,1
noisy_ping_pong_006,noisy_ping_pong,15.88333,96.905,90.0,0,1
noisy_ping_pong_006,noisy_ping_pong,15.9,98.405,90.0,0,1
noisy_ping_pong_006,noisy_ping_pong,15.91667,99.905,90.0,0,1
noisy_ping_pong_006,noisy_ping_pong,15.93333,101.405,90.0,0,1
noisy_ping_pong_006,noisy_ping_pong,15.95,102.905,90.0,0,1
noisy_ping_pong_006,noisy_ping_pong,15.96667,104.405,90.0,0,1
noisy_ping_pong_006,noisy_ping_pong,15.98333,105.905,90.0,0,1
noisy_ping_pong_006,noisy_ping_pong,16.0,107.405,90.0,0,1
noisy_ping_pong_006,noisy_ping_pong,16.01667,108.905,90.0,0,1
noisy_ping_pong_006,noisy_ping_pong,16.03333,110.405,90.0,0,1
noisy_ping_pong_006,noisy_ping_pong,16.05,111.905,90.0,0,1
noisy_ping_pong_006,noisy_ping_pong,16.06667,113.405,90.0,0,1
noisy_ping_pong_006,noisy_ping_pong,16.08333,114.905,90.0,0,1
noisy_ping_pong_006,noisy_ping_pong,16.1,116.405,90.0,0,1
noisy_ping_pong_006,noisy_ping_pong,16.11667,117.905,90.0,0,1
noisy_ping_pong_006,noisy_ping_pong,16.13333,119.405,90.0,0,1
noisy_ping_pong_006,noisy_ping_pong,16.15,120.905,90.0,0,1
noisy_ping_pong_006,noisy_ping_pong,16.16667,122.405,90.0,0,1
noisy_ping_pong_006,noisy_ping_pong,16.18333,123.905,90.0,0,1
noisy_ping_pong_006,noisy_ping_pong,16.2,125.405,90.0,0,1
noisy_ping_pong_006,noisy_ping_pong,16.21667,126.905,90.0,0,1
noisy_ping_pong_006,noisy_ping_pong,16.23333,128.405,90.0,0,1
noisy_ping_pong_006,noisy_ping_pong,16.25,129.905,90.0,0,1
noisy_ping_pong_006,noisy_ping_pong,16.26667,131.405,90.0,0,1
noisy_ping_pong_006,noisy_ping_pong,16.28333,132.905,90.0,0,1
noisy_ping_pong_006,noisy_ping_pong,16.3,134.405,90.0,0,1
noisy_ping_pong_006,noisy_ping_pong,16.31667,135.905,90.0,0,1
noisy_ping_pong_006,noisy_ping_pong,16.33333,137.405,90.0,0,1
noisy_ping_pong_006,noisy_ping_pong,16.35,138.905,90.0,0,1
noisy_ping_pong_006,noisy_ping_pong,16.36667,140.405,90.0,0,1
noisy_ping_pong_006,noisy_ping_pong,16.38333,141.905,90.0,0,1
noisy_ping_pong_006,noisy_ping_pong,16.4,143.405,90.0,0,1
noisy_ping_pong_006,noisy_ping_pong,16.41667,144.905,90.0,0,1
noisy_ping_pong_006,noisy_ping_pong,16.43333,146.405,90.0,0,1
noisy_ping_pong_006,noisy_ping_pong,16.45,147.905,90.0,0,1
noisy_ping_pong_006,noisy_ping_pong,16.46667,149.405,90.0,0,1
noisy_ping_pong_006,noisy_ping_pong,16.48333,150.905,90.0,0,1
noisy_ping_pong_006,noisy_ping_pong,16.5,152.405,90.0,0,1
noisy_ping_pong_006,noisy_ping_pong,16.51667,153.905,90.0,0,1
noisy_ping_pong_006,noisy_ping_pong,16.53333,155.405,90.0,0,1
noisy_ping_pong_006,noisy_ping_pong,16.55,156.905,90.0,0,1
noisy_ping_pong_006,noisy_ping_pong,16.56667,158.405,90.0,0,0
noisy_ping_pong_006,noisy_ping_pong,16.58333,158.405,0.0,0,1
noisy_ping_pong_006,noisy_ping_pong,16.6,159.905,90.0,0,1
noisy_ping_pong_006,noisy_ping_pong,16.61667,161.405,90.0,0,1
noisy_ping_pong_006,noisy_ping_pong,16.63333,162.905,90.0,0,0
noisy_ping_pong_006,noisy_ping_pong,16.65,162.905,0.0,0,1
noisy_ping_pong_006,noisy_ping_pong,16.66667,164.405,90.0,0,1
noisy_ping_pong_006,noisy_ping_pong,16.68333,165.905,90.0,0,1
noisy_ping_pong_006,noisy_ping_pong,16.7,167.405,90.0,0,1
noisy_ping_pong_006,noisy_ping_pong,16.71667,168.905,90.0,0,1
noisy_ping_pong_006,noisy_ping_pong,16.73333,170.405,90.0,0,1
noisy_ping_pong_006,noisy_ping_pong,16.75,171.905,90.0,0,1
noisy_ping_pong_006,noisy_ping_pong,16.76667,173.405,90.0,0,1
noisy_ping_pong_006,noisy_ping_pong,16.78333,174.905,90.0,0,1
noisy_ping_pong_006,noisy_ping_pong,16.8,176.405,90.0,0,1
noisy_ping_pong_006,noisy_ping_pong,16.81667,177.905,90.0,0,1
noisy_ping_pong_006,noisy_ping_pong,16.83333,179.405,90.0,0,1
noisy_ping_pong_006,noisy_ping_pong,16.85,180.905,90.0,0,1
noisy_ping_pong_006,noisy_ping_pong,16.86667,182.405,90.0,0,1
noisy_ping_pong_006,noisy_ping_pong,16.88333,183.905,90.0,0,1
noisy_ping_pong_006,noisy_ping_pong,16.9,185.405,90.0,1,0
noisy_ping_pong_006,noisy_ping_pong,16.91667,183.905,-90.0,0,1
noisy_ping_pong_006,noisy_ping_pong,16.93333,185.405,90.0,0,1
noisy_ping_pong_006,noisy_ping_pong,16.95,186.905,90.0,0,1
noisy_ping_pong_006,noisy_ping_pong,16.96667,188.405,90.0,0,0
noisy_ping_pong_006,noisy_ping_pong,16.98333,188.405,0.0,1,0
noisy_ping_pong_006,noisy_ping_pong,17.0,186.905,-90.0,0,1
noisy_ping_pong_006,noisy_ping_pong,17.01667,188.405,90.0,0,1
noisy_ping_pong_006,noisy_ping_pong,17.03333,189.905,90.0,0,1
noisy_ping_pong_006,noisy_ping_pong,17.05,191.405,90.0,0,1
noisy_ping_pong_006,noisy_ping_pong,17.06667,192.905,90.0,1,0
noisy_ping_pong_006,noisy_ping_pong,17.08333,191.405,-90.0,0,1
noisy_ping_pong_006,noisy_ping_pong,17.1,192.905,90.0,0,1
noisy_ping_pong_006,noisy_ping_pong,17.11667,194.405,90.0,0,1
noisy_ping_pong_006,noisy_ping_pong,17.13333,195.905,90.0,0,1
noisy_ping_pong_006,noisy_ping_pong,17.15,197.405,90.0,0,1
noisy_ping_pong_006,noisy_ping_pong,17.16667,198.905,90.0,0,1
noisy_ping_pong_006,noisy_ping_pong,17.18333,200.405,90.0,0,0
noisy_ping_pong_006,noisy_ping_pong,17.2,200.405,0.0,0,0
noisy_ping_pong_006,noisy_ping_pong,17.21667,200.405,0.0,0,0
noisy_ping_pong_006,noisy_ping_pong,17.23333,200.405,0.0,0,0
noisy_ping_pong_006,noisy_ping_pong,17.25,200.405,0.0,0,0
noisy_ping_pong_006,noisy_ping_pong,17.26667,200.405,0.0,0,0
noisy_ping_pong_006,noisy_ping_pong,17.28333,200.405,0.0,0,0
noisy_ping_pong_006,noisy_ping_pong,17.3,200.405,0.0,0,0
noisy_ping_pong_006,noisy_ping_pong,17.31667,200.405,0.0,0,0
noisy_ping_pong_006,noisy_ping_pong,17.33333,200.405,0.0,0,0
noisy_ping_pong_006,noisy_ping_pong,17.35,200.405,0.0,0,0
noisy_ping_pong_006,noisy_ping_pong,17.36667,200.405,0.0,0,0
noisy_ping_pong_006,noisy_ping_pong,17.38333,200.405,0.0,0,0
noisy_ping_pong_006,noisy_ping_pong,17.4,200.405,0.0,0,0
noisy_ping_pong_006,noisy_ping_pong,17.41667,200.405,0.0,0,0
noisy_ping_pong_006,noisy_ping_pong,17.43333,200.405,0.0,0,0
noisy_ping_pong_006,noisy_ping_pong,17.45,200.405,0.0,0,0
noisy_ping_pong_006,noisy_ping_pong,17.46667,200.405,0.0,0,0
noisy_ping_pong_006,noisy_ping_pong,17.48333,200.405,0.0,1,0
noisy_ping_pong_006,noisy_ping_pong,17.5,198.905,-90.0,1,0
noisy_ping_pong_006,noisy_ping_pong,17.51667,197.405,-90.0,1,0
noisy_ping_pong_006,noisy_ping_pong,17.53333,195.905,-90.0,1,0
noisy_ping_pong_006,noisy_ping_pong,17.55,194.405,-90.0,1,0
noisy_ping_pong_006,noisy_ping_pong,17.56667,192.905,-90.0,1,0
noisy_ping_pong_006,noisy_ping_pong,17.58333,191.405,-90.0,1,0
noisy_ping_pong_006,noisy_ping_pong,17.6,189.905,-90.0,1,0
noisy_ping_pong_006,noisy_ping_pong,17.61667,188.405,-90.0,1,0
noisy_ping_pong_006,noisy_ping_pong,17.63333,186.905,-90.0,1,0
noisy_ping_pong_006,noisy_ping_pong,17.65,185.405,-90.0,1,0
noisy_ping_pong_006,noisy_ping_pong,17.66667,183.905,-90.0,1,0
noisy_ping_pong_006,noisy_ping_pong,17.68333,182.405,-90.0,1,0
noisy_ping_pong_006,noisy_ping_pong,17.7,180.905,-90.0,1,0
noisy_ping_pong_006,noisy_ping_pong,17.71667,179.405,-90.0,1,0
noisy_ping_pong_006,noisy_ping_pong,17.73333,177.905,-90.0,1,0
noisy_ping_pong_006,noisy_ping_pong,17.75,176.405,-90.0,1,0
noisy_ping_pong_006,noisy_ping_pong,17.76667,174.905,-90.0,1,0
noisy_ping_pong_006,noisy_ping_pong,17.78333,173.405,-90.0,1,0
noisy_ping_pong_006,noisy_ping_pong,17.8,171.905,-90.0,1,0
noisy_ping_pong_006,noisy_ping_pong,17.81667,170.405,-90.0,1,0
noisy_ping_pong_006,noisy_ping_pong,17.83333,168.905,-90.0,1,0
noisy_ping_pong_006,noisy_ping_pong,17.85,167.405,-90.0,1,0
noisy_ping_pong_006,noisy_ping_pong,17.86667,165.905,-90.0,1,0
noisy_ping_pong_006,noisy_ping_pong,17.88333,164.405,-90.0,1,0
noisy_ping_pong_006,noisy_ping_pong,17.9,162.905,-90.0,1,0
noisy_ping_pong_006,noisy_ping_pong,17.91667,161.405,-90.0,1,0
noisy_ping_pong_006,noisy_ping_pong,17.93333,159.905,-90.0,1,0
noisy_ping_pong_006,noisy_ping_pong,17.95,158.405,-90.0,1,0
noisy_ping_pong_006,noisy_ping_pong,17.96667,156.905,-90.0,1,0
noisy_ping_pong_006,noisy_ping_pong,17.98333,155.405,-90.0,1,0
noisy_ping_pong_006,noisy_ping_pong,18.0,153.905,-90.0,1,0
noisy_ping_pong_006,noisy_ping_pong,18.01667,152.405,-90.0,1,0
noisy_ping_pong_006,noisy_ping_pong,18.03333,150.905,-90.0,1,0
noisy_ping_pong_006,noisy_ping_pong,18.05,149.405,-90.0,1,0
noisy_ping_pong_006,noisy_ping_pong,18.06667,147.905,-90.0,1,0
noisy_ping_pong_006,noisy_ping_pong,18.08333,146.405,-90.0,1,0
noisy_ping_pong_006,noisy_ping_pong,18.1,144.905,-90.0,0,1
noisy_ping_pong_006,noisy_ping_pong,18.11667,146.405,90.0,1,0
noisy_ping_pong_006,noisy_ping_pong,18.13333,144.905,-90.0,1,0
noisy_ping_pong_006,noisy_ping_pong,18.15,143.405,-90.0,1,0
noisy_ping_pong_006,noisy_ping_pong,18.16667,141.905,-90.0,1,0
noisy_ping_pong_006,noisy_ping_pong,18.18333,140.405,-90.0,1,0
noisy_ping_pong_006,noisy_ping_pong,18.2,138.905,-90.0,1,0
noisy_ping_pong_006,noisy_ping_pong,18.21667,137.405,-90.0,1,0
noisy_ping_pong_006,noisy_ping_pong,18.23333,135.905,-90.0,1,0
noisy_ping_pong_006,noisy_ping_pong,18.25,134.405,-90.0,1,0
noisy_ping_pong_006,noisy_ping_pong,18.26667,132.905,-90.0,0,0
noisy_ping_pong_006,noisy_ping_pong,18.28333,132.905,0.0,1,0
noisy_ping_pong_006,noisy_ping_pong,18.3,131.405,-90.0,1,0
noisy_ping_pong_006,noisy_ping_pong,18.31667,129.905,-90.0,1,0
noisy_ping_pong_006,noisy_ping_pong,18.33333,128.405,-90.0,1,0
noisy_ping_pong_006,noisy_ping_pong,18.35,126.905,-90.0,1,0
noisy_ping_pong_006,noisy_ping_pong,18.36667,125.405,-90.0,1,0
noisy_ping_pong_006,noisy_ping_pong,18.38333,123.905,-90.0,1,0
noisy_ping_pong_006,noisy_ping_pong,18.4,122.405,-90.0,1,0
noisy_ping_pong_006,noisy_ping_pong,18.41667,120.905,-90.0,1,0
noisy_ping_pong_006,noisy_ping_pong,18.43333,119.405,-90.0,1,0
noisy_ping_pong_006,noisy_ping_pong,18.45,117.905,-90.0,1,0
noisy_ping_pong_006,noisy_ping_pong,18.46667,116.405,-90.0,1,0
noisy_ping_pong_006,noisy_ping_pong,18.48333,114.905,-90.0,0,1
noisy_ping_pong_006,noisy_ping_pong,18.5,116.405,90.0,1,0
noisy_ping_pong_006,noisy_ping_pong,18.51667,114.905,-90.0,1,0
noisy_ping_pong_006,noisy_ping_pong,18.53333,113.405,-90.0,1,0
noisy_ping_pong_006,noisy_ping_pong,18.55,111.905,-90.0,1,0
noisy_ping_pong_006,noisy_ping_pong,18.56667,110.405,-90.0,1,0
noisy_ping_pong_006,noisy_ping_pong,18.58333,108.905,-90.0,1,0
noisy_ping_pong_006,noisy_ping_pong,18.6,107.405,-90.0,1,0
noisy_ping_pong_006,noisy_ping_pong,18.61667,105.905,-90.0,1,0
noisy_ping_pong_006,noisy_ping_pong,18.63333,104.405,-90.0,1,0
noisy_ping_pong_006,noisy_ping_pong,18.65,102.905,-90.0,1,0
noisy_ping_pong_006,noisy_ping_pong,18.66667,101.405,-90.0,1,0
noisy_ping_pong_006,noisy_ping_pong,18.68333,99.905,-90.0,1,0
noisy_ping_pong_006,noisy_ping_pong,18.7,98.405,-90.0,1,0
noisy_ping_pong_006,noisy_ping_pong,18.71667,96.905,-90.0,1,0
noisy_ping_pong_006,noisy_ping_pong,18.73333,95.405,-90.0,1,0
noisy_ping_pong_006,noisy_ping_pong,18.75,93.905,-90.0,1,0
noisy_ping_pong_006,noisy_ping_pong,18.76667,92.405,-90.0,1,0
noisy_ping_pong_006,noisy_ping_pong,18.78333,90.905,-90.0,1,0
noisy_ping_pong_006,noisy_ping_pong,18.8,89.405,-90.0,1,0
noisy_ping_pong_006,noisy_ping_pong,18.81667,87.905,-90.0,1,0
noisy_ping_pong_006,noisy_ping_pong,18.83333,86.405,-90.0,0,1
noisy_ping_pong_006,noisy_ping_pong,18.85,87.905,90.0,1,0
noisy_ping_pong_006,noisy_ping_pong,18.86667,86.405,-90.0,1,0
noisy_ping_pong_006,noisy_ping_pong,18.88333,84.905,-90.0,1,0
noisy_ping_pong_006,noisy_ping_pong,18.9,83.405,-90.0,1,0
noisy_ping_pong_006,noisy_ping_pong,18.91667,81.905,-90.0,1,0
noisy_ping_pong_006,noisy_ping_pong,18.93333,80.405,-90.0,1,0
noisy_ping_pong_006,noisy_ping_pong,18.95,78.905,-90.0,1,0
noisy_ping_pong_006,noisy_ping_pong,18.96667,77.405,-90.0,1,0
noisy_ping_pong_006,noisy_ping_pong,18.98333,75.905,-90.0,1,0
noisy_ping_pong_006,noisy_ping_pong,19.0,74.405,-90.0,1,0
noisy_ping_pong_006,noisy_ping_pong,19.01667,72.905,-90.0,1,0
noisy_ping_pong_006,noisy_ping_pong,19.03333,71.405,-90.0,1,0
noisy_ping_pong_006,noisy_ping_pong,19.05,69.905,-90.0,1,0
noisy_ping_pong_006,noisy_ping_pong,19.06667,68.405,-90.0,1,0
noisy_ping_pong_006,noisy_ping_pong,19.08333,66.905,-90.0,1,0
noisy_ping_pong_006,noisy_ping_pong,19.1,65.405,-90.0,1,0
noisy_ping_pong_006,noisy_ping_pong,19.11667,63.905,-90.0,1,0
noisy_ping_pong_006,noisy_ping_pong,19.13333,62.405,-90.0,0,1
noisy_ping_pong_006,noisy_ping_pong,19.15,63.905,90.0,0,1
noisy_ping_pong_006,noisy_ping_pong,19.16667,65.405,90.0,1,0
noisy_ping_pong_006,noisy_ping_pong,19.18333,63.905,-90.0,1,0
noisy_ping_pong_006,noisy_ping_pong,19.2,62.405,-90.0,1,0
noisy_ping_pong_006,noisy_ping_pong,19.21667,60.905,-90.0,1,0
noisy_ping_pong_006,noisy_ping_pong,19.23333,59.405,-90.0,1,0
noisy_ping_pong_006,noisy_ping_pong,19.25,57.905,-90.0,1,0
noisy_ping_pong_006,noisy_ping_pong,19.26667,56.405,-90.0,1,0
noisy_ping_pong_006,noisy_ping_pong,19.28333,54.905,-90.0,1,0
noisy_ping_pong_006,noisy_ping_pong,19.3,53.405,-90.0,1,0
noisy_ping_pong_006,noisy_ping_pong,19.31667,51.905,-90.0,1,0
noisy_ping_pong_006,noisy_ping_pong,19.33333,50.405,-90.0,1,0
noisy_ping_pong_006,noisy_ping_pong,19.35,48.905,-90.0,1,0
noisy_ping_pong_006,noisy_ping_pong,19.36667,47.405,-90.0,1,0
noisy_ping_pong_006,noisy_ping_pong,19.38333,45.905,-90.0,1,0
noisy_ping_pong_006,noisy_ping_pong,19.4,44.405,-90.0,1,0
noisy_ping_pong_006,noisy_ping_pong,19.41667,42.905,-90.0,1,0
noisy_ping_pong_006,noisy_ping_pong,19.43333,41.405,-90.0,1,0
noisy_ping_pong_006,noisy_ping_pong,19.45,39.905,-90.0,0,0
noisy_ping_pong_006,noisy_ping_pong,19.46667,39.905,0.0,1,0
noisy_ping_pong_006,noisy_ping_pong,19.48333,38.405,-90.0,1,0
noisy_ping_pong_006,noisy_ping_pong,19.5,36.905,-90.0,1,0
noisy_ping_pong_006,noisy_ping_pong,19.51667,35.405,-90.0,1,0
noisy_ping_pong_006,noisy_ping_pong,19.53333,33.905,-90.0,0,1
noisy_ping_pong_006,noisy_ping_pong,19.55,35.405,90.0,1,0
noisy_ping_pong_006,noisy_ping_pong,19.56667,33.905,-90.0,1,0
noisy_ping_pong_006,noisy_ping_pong,19.58333,32.405,-90.0,1,0
noisy_ping_pong_006,noisy_ping_pong,19.6,30.905,-90.0,0,0
noisy_ping_pong_006,noisy_ping_pong,19.61667,30.905,0.0,1,0
noisy_ping_pong_006,noisy_ping_pong,19.63333,29.405,-90.0,1,0
noisy_ping_pong_006,noisy_ping_pong,19.65,27.905,-90.0,1,0
noisy_ping_pong_006,noisy_ping_pong,19.66667,26.405,-90.0,1,0
noisy_ping_pong_006,noisy_ping_pong,19.68333,24.905,-90.0,1,0
noisy_ping_pong_006,noisy_ping_pong,19.7,23.405,-90.0,1,0
noisy_ping_pong_006,noisy_ping_pong,19.71667,21.905,-90.0,1,0
noisy_ping_pong_006,noisy_ping_pong,19.73333,20.405,-90.0,1,0
noisy_ping_pong_006,noisy_ping_pong,19.75,18.905,-90.0,1,0
noisy_ping_pong_006,noisy_ping_pong,19.76667,17.405,-90.0,1,0
noisy_ping_pong_006,noisy_ping_pong,19.78333,15.905,-90.0,1,0
noisy_ping_pong_006,noisy_ping_pong,19.8,14.405,-90.0,1,0
noisy_ping_pong_006,noisy_ping_pong,19.81667,12.905,-90.0,1,0
noisy_ping_pong_006,noisy_ping_pong,19.83333,11.405,-90.0,0,1
noisy_ping_pong_006,noisy_ping_pong,19.85,12.905,90.0,1,0
noisy_ping_pong_006,noisy_ping_pong,19.86667,11.405,-90.0,1,0
noisy_ping_pong_006,noisy_ping_pong,19.88333,9.905,-90.0,1,0
noisy_ping_pong_006,noisy_ping_pong,19.9,8.405,-90.0,1,0
noisy_ping_pong_006,noisy_ping_pong,19.91667,6.905,-90.0,1,0
noisy_ping_pong_006,noisy_ping_pong,19.93333,5.405,-90.0,1,0
noisy_ping_pong_006,noisy_ping_pong,19.95,3.905,-90.0,0,0
noisy_ping_pong_006,noisy_ping_pong,19.96667,3.905,0.0,0,0
noisy_ping_pong_006,noisy_ping_pong,19.98333,3.905,0.0,0,0
noisy_ping_pong_006,noisy_ping_pong,20.0,3.905,0.0,0,0
noisy_ping_pong_006,noisy_ping_pong,20.01667,3.905,0.0,0,0
noisy_ping_pong_006,noisy_ping_pong,20.03333,3.905,0.0,0,0
noisy_ping_pong_006,noisy_ping_pong,20.05,3.905,0.0,0,0
noisy_ping_pong_006,noisy_ping_pong,20.06667,3.905,0.0,0,0
noisy_ping_pong_006,noisy_ping_pong,20.08333,3.905,0.0,0,0
noisy_ping_pong_006,noisy_ping_pong,20.1,3.905,0.0,0,0
noisy_ping_pong_006,noisy_ping_pong,20.11667,3.905,0.0,0,0
noisy_ping_pong_006,noisy_ping_pong,20.13333,3.905,0.0,0,0
noisy_ping_pong_006,noisy_ping_pong,20.15,3.905,0.0,1,0
noisy_ping_pong_006,noisy_ping_pong,20.16667,2.405,-90.0,0,0
noisy_ping_pong_006,noisy_ping_pong,20.18333,2.405,0.0,0,0
noisy_ping_pong_006,noisy_ping_pong,20.2,2.405,0.0,0,0
noisy_ping_pong_006,noisy_ping_pong,20.21667,2.405,0.0,0,0
noisy_ping_pong_006,noisy_ping_pong,20.23333,2.405,0.0,0,0
noisy_ping_pong_006,noisy_ping_pong,20.25,2.405,0.0,0,1
noisy_ping_pong_006,noisy_ping_pong,20.26667,3.905,90.0,0,1
noisy_ping_pong_006,noisy_ping_pong,20.28333,5.405,90.0,0,1
noisy_ping_pong_006,noisy_ping_pong,20.3,6.905,90.0,0,1
noisy_ping_pong_006,noisy_ping_pong,20.31667,8.405,90.0,0,1
noisy_ping_pong_006,noisy_ping_pong,20.33333,9.905,90.0,0,1
noisy_ping_pong_006,noisy_ping_pong,20.35,11.405,90.0,0,1
noisy_ping_pong_006,noisy_ping_pong,20.36667,12.905,90.0,0,1
noisy_ping_pong_006,noisy_ping_pong,20.38333,14.405,90.0,0,1
noisy_ping_pong_006,noisy_ping_pong,20.4,15.905,90.0,0,1
noisy_ping_pong_006,noisy_ping_pong,20.41667,17.405,90.0,0,0
noisy_ping_pong_006,noisy_ping_pong,20.43333,17.405,0.0,0,1
noisy_ping_pong_006,noisy_ping_pong,20.45,18.905,90.0,0,1
noisy_ping_pong_006,noisy_ping_pong,20.46667,20.405,90.0,0,1
noisy_ping_pong_006,noisy_ping_pong,20.48333,21.905,90.0,0,1
noisy_ping_pong_006,noisy_ping_pong,20.5,23.405,90.0,0,1
noisy_ping_pong_006,noisy_ping_pong,20.51667,24.905,90.0,0,1
noisy_ping_pong_006,noisy_ping_pong,20.53333,26.405,90.0,0,1
noisy_ping_pong_006,noisy_ping_pong,20.55,27.905,90.0,0,1
noisy_ping_pong_006,noisy_ping_pong,20.56667,29.405,90.0,0,1
noisy_ping_pong_006,noisy_ping_pong,20.58333,30.905,90.0,0,1
noisy_ping_pong_006,noisy_ping_pong,20.6,32.405,90.0,0,1
noisy_ping_pong_006,noisy_ping_pong,20.61667,33.905,90.0,0,1
noisy_ping_pong_006,noisy_ping_pong,20.63333,35.405,90.0,0,1
noisy_ping_pong_006,noisy_ping_pong,20.65,36.905,90.0,0,1
noisy_ping_pong_006,noisy_ping_pong,20.66667,38.405,90.0,0,1
noisy_ping_pong_006,noisy_ping_pong,20.68333,39.905,90.0,0,1
noisy_ping_pong_006,noisy_ping_pong,20.7,41.405,90.0,0,1
noisy_ping_pong_006,noisy_ping_pong,20.71667,42.905,90.0,0,1
noisy_ping_pong_006,noisy_ping_pong,20.73333,44.405,90.0,0,1
noisy_ping_pong_006,noisy_ping_pong,20.75,45.905,90.0,0,1
noisy_ping_pong_006,noisy_ping_pong,20.76667,47.405,90.0,0,1
noisy_ping_pong_006,noisy_ping_pong,20.78333,48.905,90.0,0,1
noisy_ping_pong_006,noisy_ping_pong,20.8,50.405,90.0,0,1
noisy_ping_pong_006,noisy_ping_pong,20.81667,51.905,90.0,0,1
noisy_ping_pong_006,noisy_ping_pong,20.83333,53.405,90.0,0,1
noisy_ping_pong_006,noisy_ping_pong,20.85,54.905,90.0,0,1
noisy_ping_pong_006,noisy_ping_pong,20.86667,56.405,90.0,1,0
noisy_ping_pong_006,noisy_ping_pong,20.88333,54.905,-90.0,0,0
noisy_ping_pong_006,noisy_ping_pong,20.9,54.905,0.0,0,1
noisy_ping_pong_006,noisy_ping_pong,20.91667,56.405,90.0,0,1
noisy_ping_pong_006,noisy_ping_pong,20.93333,57.905,90.0,0,1
noisy_ping_pong_006,noisy_ping_pong,20.95,59.405,90.0,0,1
noisy_ping_pong_006,noisy_ping_pong,20.96667,60.905,90.0,0,1
noisy_ping_pong_006,noisy_ping_pong,20.98333,62.405,90.0,0,1
noisy_ping_pong_006,noisy_ping_pong,21.0,63.905,90.0,0,1
noisy_ping_pong_006,noisy_ping_pong,21.01667,65.405,90.0,0,1
noisy_ping_pong_006,noisy_ping_pong,21.03333,66.905,90.0,0,1
noisy_ping_pong_006,noisy_ping_pong,21.05,68.405,90.0,0,0
noisy_ping_pong_006,noisy_ping_pong,21.06667,68.405,0.0,0,1
noisy_ping_pong_006,noisy_ping_pong,21.08333,69.905,90.0,0,1
noisy_ping_pong_006,noisy_ping_pong,21.1,71.405,90.0,0,1
noisy_ping_pong_006,noisy_ping_pong,21.11667,72.905,90.0,0,0
noisy_ping_pong_006,noisy_ping_pong,21.13333,72.905,0.0,0,1
noisy_ping_pong_006,noisy_ping_pong,21.15,74.405,90.0,0,1
noisy_ping_pong_006,noisy_ping_pong,21.16667,75.905,90.0,0,1
noisy_ping_pong_006,noisy_ping_pong,21.18333,77.405,90.0,0,1
noisy_ping_pong_006,noisy_ping_pong,21.2,78.905,90.0,0,1
noisy_ping_pong_006,noisy_ping_pong,21.21667,80.405,90.0,0,1
noisy_ping_pong_006,noisy_ping_pong,21.23333,81.905,90.0,0,1
noisy_ping_pong_006,noisy_ping_pong,21.25,83.405,90.0,0,1
noisy_ping_pong_006,noisy_ping_pong,21.26667,84.905,90.0,0,1
noisy_ping_pong_006,noisy_ping_pong,21.28333,86.405,90.0,0,1
noisy_ping_pong_006,noisy_ping_pong,21.3,87.905,90.0,0,1
noisy_ping_pong_006,noisy_ping_pong,21.31667,89.405,90.0,0,1
noisy_ping_pong_006,noisy_ping_pong,21.33333,90.905,90.0,0,1
noisy_ping_pong_006,noisy_ping_pong,21.35,92.405,90.0,0,1
noisy_ping_pong_006,noisy_ping_pong,21.36667,93.905,90.0,0,1
noisy_ping_pong_006,noisy_ping_pong,21.38333,95.405,90.0,0,1
noisy_ping_pong_006,noisy_ping_pong,21.4,96.905,90.0,0,1
noisy_ping_pong_006,noisy_ping_pong,21.41667,98.405,90.0,0,1
noisy_ping_pong_006,noisy_ping_pong,21.43333,99.905,90.0,0,1
noisy_ping_pong_006,noisy_ping_pong,21.45,101.405,90.0,0,1
noisy_ping_pong_006,noisy_ping_pong,21.46667,102.905,90.0,0,1
noisy_ping_pong_006,noisy_ping_pong,21.48333,104.405,90.0,0,1
noisy_ping_pong_006,noisy_ping_pong,21.5,105.905,90.0,0,1
noisy_ping_pong_006,noisy_ping_pong,21.51667,107.405,90.0,0,1
noisy_ping_pong_006,noisy_ping_pong,21.53333,108.905,90.0,0,1
noisy_ping_pong_006,noisy_ping_pong,21.55,110.405,90.0,0,1
noisy_ping_pong_006,noisy_ping_pong,21.56667,111.905,90.0,0,1
noisy_ping_pong_006,noisy_ping_pong,21.58333,113.405,90.0,0,1
noisy_ping_pong_006,noisy_ping_pong,21.6,114.905,90.0,0,1
noisy_ping_pong_006,noisy_ping_pong,21.61667,116.405,90.0,0,1
noisy_ping_pong_006,noisy_ping_pong,21.63333,117.905,90.0,0,1
noisy_ping_pong_006,noisy_ping_pong,21.65,119.405,90.0,0,1
noisy_ping_pong_006,noisy_ping_pong,21.66667,120.905,90.0,0,0
noisy_ping_pong_006,noisy_ping_pong,21.68333,120.905,0.0,0,1
noisy_ping_pong_006,noisy_ping_pong,21.7,122.405,90.0,0,1
noisy_ping_pong_006,noisy_ping_pong,21.71667,123.905,90.0,0,1
noisy_ping_pong_006,noisy_ping_pong,21.73333,125.405,90.0,0,1
noisy_ping_pong_006,noisy_ping_pong,21.75,126.905,90.0,0,1
noisy_ping_pong_006,noisy_ping_pong,21.76667,128.405,90.0,0,1
noisy_ping_pong_006,noisy_ping_pong,21.78333,129.905,90.0,0,1
noisy_ping_pong_006,noisy_ping_pong,21.8,131.405,90.0,0,1
noisy_ping_pong_006,noisy_ping_pong,21.81667,132.905,90.0,0,1
noisy_ping_pong_006,noisy_ping_pong,21.83333,134.405,90.0,0,0
noisy_ping_pong_006,noisy_ping_pong,21.85,134.405,0.0,0,1
noisy_ping_pong_006,noisy_ping_pong,21.86667,135.905,90.0,0,1
