session_id,pattern,t,x,vx,input_left,input_right
ping_pong_006,ping_pong,0.0,201.863,0.0,0,0
ping_pong_006,ping_pong,0.01667,201.863,0.0,0,0
ping_pong_006,ping_pong,0.03333,201.863,0.0,0,0
ping_pong_006,ping_pong,0.05,201.863,0.0,0,0
ping_pong_006,ping_pong,0.06667,201.863,0.0,0,0
ping_pong_006,ping_pong,0.08333,201.863,0.0,0,0
ping_pong_006,ping_pong,0.1,201.863,0.0,0,0
ping_pong_006,ping_pong,0.11667,201.863,0.0,0,0
ping_pong_006,ping_pong,0.13333,201.863,0.0,0,0
ping_pong_006,ping_pong,0.15,201.863,0.0,0,0
ping_pong_006,ping_pong,0.16667,201.863,0.0,0,0
ping_pong_006,ping_pong,0.18333,201.863,0.0,0,0
ping_pong_006,ping_pong,0.2,201.863,0.0,0,0
ping_pong_006,ping_pong,0.21667,201.863,0.0,0,0
ping_pong_006,ping_pong,0.23333,201.863,0.0,1,0
ping_pong_006,ping_pong,0.25,200.363,-90.0,1,0
ping_pong_006,ping_pong,0.26667,198.863,-90.0,1,0
ping_pong_006,ping_pong,0.28333,197.363,-90.0,1,0
ping_pong_006,ping_pong,0.3,195.863,-90.0,1,0
ping_pong_006,ping_pong,0.31667,194.363,-90.0,1,0
ping_pong_006,ping_pong,0.33333,192.863,-90.0,1,0
ping_pong_006,ping_pong,0.35,191.363,-90.0,1,0
ping_pong_006,ping_pong,0.36667,189.863,-90.0,1,0
ping_pong_006,ping_pong,0.38333,188.363,-90.0,1,0
ping_pong_006,ping_pong,0.4,186.863,-90.0,1,0
ping_pong_006,ping_pong,0.41667,185.363,-90.0,1,0
ping_pong_006,ping_pong,0.43333,183.863,-90.0,1,0
ping_pong_006,ping_pong,0.45,182.363,-90.0,1,0
ping_pong_006,ping_pong,0.46667,180.863,-90.0,1,0
ping_pong_006,ping_pong,0.48333,179.363,-90.0,1,0
ping_pong_006,ping_pong,0.5,177.863,-90.0,1,0
ping_pong_006,ping_pong,0.51667,176.363,-90.0,1,0
ping_pong_006,ping_pong,0.53333,174.863,-90.0,1,0
ping_pong_006,ping_pong,0.55,173.363,-90.0,1,0
ping_pong_006,ping_pong,0.56667,171.863,-90.0,1,0
ping_pong_006,ping_pong,0.58333,170.363,-90.0,1,0
ping_pong_006,ping_pong,0.6,168.863,-90.0,1,0
ping_pong_006,ping_pong,0.61667,167.363,-90.0,1,0
ping_pong_006,ping_pong,0.63333,165.863,-90.0,1,0
ping_pong_006,ping_pong,0.65,164.363,-90.0,1,0
ping_pong_006,ping_pong,0.66667,162.863,-90.0,1,0
ping_pong_006,ping_pong,0.68333,161.363,-90.0,1,0
ping_pong_006,ping_pong,0.7,159.863,-90.0,1,0
ping_pong_006,ping_pong,0.71667,158.363,-90.0,1,0
ping_pong_006,ping_pong,0.73333,156.863,-90.0,1,0
ping_pong_006,ping_pong,0.75,155.363,-90.0,1,0
ping_pong_006,ping_pong,0.76667,153.863,-90.0,1,0
ping_pong_006,ping_pong,0.78333,152.363,-90.0,1,0
ping_pong_006,ping_pong,0.8,150.863,-90.0,1,0
ping_pong_006,ping_pong,0.81667,149.363,-90.0,1,0
ping_pong_006,ping_pong,0.83333,147.863,-90.0,1,0
ping_pong_006,ping_pong,0.85,146.363,-90.0,1,0
ping_pong_006,ping_pong,0.86667,144.863,-90.0,1,0
ping_pong_006,ping_pong,0.88333,143.363,-90.0,1,0
ping_pong_006,ping_pong,0.9,141.863,-90.0,1,0
ping_pong_006,ping_pong,0.91667,140.363,-90.0,1,0
ping_pong_006,ping_pong,0.93333,138.863,-90.0,1,0
ping_pong_006,ping_pong,0.95,137.363,-90.0,1,0
ping_pong_006,ping_pong,0.96667,135.863,-90.0,1,0
ping_pong_006,ping_pong,0.98333,134.363,-90.0,1,0
ping_pong_006,ping_pong,1.0,132.863,-90.0,1,0
ping_pong_006,ping_pong,1.01667,131.363,-90.0,1,0
ping_pong_006,ping_pong,1.03333,129.863,-90.0,1,0
ping_pong_006,ping_pong,1.05,128.363,-90.0,1,0
ping_pong_006,ping_pong,1.06667,126.863,-90.0,1,0
ping_pong_006,ping_pong,1.08333,125.363,-90.0,1,0
ping_pong_006,ping_pong,1.1,123.863,-90.0,1,0
ping_pong_006,ping_pong,1.11667,122.363,-90.0,1,0
ping_pong_006,ping_pong,1.13333,120.863,-90.0,1,0
ping_pong_006,ping_pong,1.15,119.363,-90.0,1,0
ping_pong_006,ping_pong,1.16667,117.863,-90.0,1,0
ping_pong_006,ping_pong,1.18333,116.363,-90.0,1,0
ping_pong_006,ping_pong,1.2,114.863,-90.0,1,0
ping_pong_006,ping_pong,1.21667,113.363,-90.0,1,0
ping_pong_006,ping_pong,1.23333,111.863,-90.0,1,0
ping_pong_006,ping_pong,1.25,110.363,-90.0,1,0
ping_pong_006,ping_pong,1.26667,108.863,-90.0,1,0
ping_pong_006,ping_pong,1.28333,107.363,-90.0,1,0
ping_pong_006,ping_pong,1.3,105.863,-90.0,1,0
ping_pong_006,ping_pong,1.31667,104.363,-90.0,1,0
ping_pong_006,ping_pong,1.33333,102.863,-90.0,1,0
ping_pong_006,ping_pong,1.35,101.363,-90.0,1,0
ping_pong_006,ping_pong,1.36667,99.863,-90.0,1,0
ping_pong_006,ping_pong,1.38333,98.363,-90.0,1,0
ping_pong_006,ping_pong,1.4,96.863,-90.0,1,0
ping_pong_006,ping_pong,1.41667,95.363,-90.0,1,0
ping_pong_006,ping_pong,1.43333,93.863,-90.0,1,0
ping_pong_006,ping_pong,1.45,92.363,-90.0,1,0
ping_pong_006,ping_pong,1.46667,90.863,-90.0,1,0
ping_pong_006,ping_pong,1.48333,89.363,-90.0,1,0
ping_pong_006,ping_pong,1.5,87.863,-90.0,1,0
ping_pong_006,ping_pong,1.51667,86.363,-90.0,1,0
ping_pong_006,ping_pong,1.53333,84.863,-90.0,1,0
ping_pong_006,ping_pong,1.55,83.363,-90.0,1,0
ping_pong_006,ping_pong,1.56667,81.863,-90.0,1,0
ping_pong_006,ping_pong,1.58333,80.363,-90.0,1,0
ping_pong_006,ping_pong,1.6,78.863,-90.0,1,0
ping_pong_006,ping_pong,1.61667,77.363,-90.0,1,0
ping_pong_006,ping_pong,1.63333,75.863,-90.0,1,0
ping_pong_006,ping_pong,1.65,74.363,-90.0,1,0
ping_pong_006,ping_pong,1.66667,72.863,-90.0,1,0
ping_pong_006,ping_pong,1.68333,71.363,-90.0,1,0
ping_pong_006,ping_pong,1.7,69.863,-90.0,1,0
ping_pong_006,ping_pong,1.71667,68.363,-90.0,1,0
ping_pong_006,ping_pong,1.73333,66.863,-90.0,1,0
ping_pong_006,ping_pong,1.75,65.363,-90.0,1,0
ping_pong_006,ping_pong,1.76667,63.863,-90.0,1,0
ping_pong_006,ping_pong,1.78333,62.363,-90.0,1,0
ping_pong_006,ping_pong,1.8,60.863,-90.0,1,0
ping_pong_006,ping_pong,1.81667,59.363,-90.0,1,0
ping_pong_006,ping_pong,1.83333,57.863,-90.0,1,0
ping_pong_006,ping_pong,1.85,56.363,-90.0,1,0
ping_pong_006,ping_pong,1.86667,54.863,-90.0,1,0
ping_pong_006,ping_pong,1.88333,53.363,-90.0,1,0
ping_pong_006,ping_pong,1.9,51.863,-90.0,1,0
ping_pong_006,ping_pong,1.91667,50.363,-90.0,1,0
ping_pong_006,ping_pong,1.93333,48.863,-90.0,1,0
ping_pong_006,ping_pong,1.95,47.363,-90.0,1,0
ping_pong_006,ping_pong,1.96667,45.863,-90.0,1,0
ping_pong_006,ping_pong,1.98333,44.363,-90.0,1,0
ping_pong_006,ping_pong,2.0,42.863,-90.0,1,0
ping_pong_006,ping_pong,2.01667,41.363,-90.0,1,0
ping_pong_006,ping_pong,2.03333,39.863,-90.0,1,0
ping_pong_006,ping_pong,2.05,38.363,-90.0,1,0
ping_pong_006,ping_pong,2.06667,36.863,-90.0,1,0
ping_pong_006,ping_pong,2.08333,35.363,-90.0,1,0
ping_pong_006,ping_pong,2.1,33.863,-90.0,1,0
ping_pong_006,ping_pong,2.11667,32.363,-90.0,1,0
ping_pong_006,ping_pong,2.13333,30.863,-90.0,1,0
ping_pong_006,ping_pong,2.15,29.363,-90.0,1,0
ping_pong_006,ping_pong,2.16667,27.863,-90.0,1,0
ping_pong_006,ping_pong,2.18333,26.363,-90.0,1,0
ping_pong_006,ping_pong,2.2,24.863,-90.0,1,0
ping_pong_006,ping_pong,2.21667,23.363,-90.0,1,0
ping_pong_006,ping_pong,2.23333,21.863,-90.0,1,0
ping_pong_006,ping_pong,2.25,20.363,-90.0,1,0
ping_pong_006,ping_pong,2.26667,18.863,-90.0,1,0
ping_pong_006,ping_pong,2.28333,17.363,-90.0,1,0
ping_pong_006,ping_pong,2.3,15.863,-90.0,1,0
ping_pong_006,ping_pong,2.31667,14.363,-90.0,1,0
ping_pong_006,ping_pong,2.33333,12.863,-90.0,1,0
ping_pong_006,ping_pong,2.35,11.363,-90.0,1,0
ping_pong_006,ping_pong,2.36667,9.863,-90.0,1,0
ping_pong_006,ping_pong,2.38333,8.363,-90.0,1,0
ping_pong_006,ping_pong,2.4,6.863,-90.0,1,0
ping_pong_006,ping_pong,2.41667,5.363,-90.0,1,0
ping_pong_006,ping_pong,2.43333,3.863,-90.0,0,0
ping_pong_006,ping_pong,2.45,3.863,0.0,0,0
ping_pong_006,ping_pong,2.46667,3.863,0.0,0,0
ping_pong_006,ping_pong,2.48333,3.863,0.0,0,0
ping_pong_006,ping_pong,2.5,3.863,0.0,0,0
ping_pong_006,ping_pong,2.51667,3.863,0.0,0,0
ping_pong_006,ping_pong,2.53333,3.863,0.0,0,0
ping_pong_006,ping_pong,2.55,3.863,0.0,0,0
ping_pong_006,ping_pong,2.56667,3.863,0.0,0,0
ping_pong_006,ping_pong,2.58333,3.863,0.0,0,0
ping_pong_006,ping_pong,2.6,3.863,0.0,0,0
ping_pong_006,ping_pong,2.61667,3.863,0.0,0,0
ping_pong_006,ping_pong,2.63333,3.863,0.0,0,0
ping_pong_006,ping_pong,2.65,3.863,0.0,0,0
ping_pong_006,ping_pong,2.66667,3.863,0.0,0,1
ping_pong_006,ping_pong,2.68333,5.363,90.0,0,1
ping_pong_006,ping_pong,2.7,6.863,90.0,0,1
ping_pong_006,ping_pong,2.71667,8.363,90.0,0,1
ping_pong_006,ping_pong,2.73333,9.863,90.0,0,1
ping_pong_006,ping_pong,2.75,11.363,90.0,0,1
ping_pong_006,ping_pong,2.76667,12.863,90.0,0,1
ping_pong_006,ping_pong,2.78333,14.363,90.0,0,1
ping_pong_006,ping_pong,2.8,15.863,90.0,0,1
ping_pong_006,ping_pong,2.81667,17.363,90.0,0,1
ping_pong_006,ping_pong,2.83333,18.863,90.0,0,1
ping_pong_006,ping_pong,2.85,20.363,90.0,0,1
ping_pong_006,ping_pong,2.86667,21.863,90.0,0,1
ping_pong_006,ping_pong,2.88333,23.363,90.0,0,1
ping_pong_006,ping_pong,2.9,24.863,90.0,0,1
ping_pong_006,ping_pong,2.91667,26.363,90.0,0,1
ping_pong_006,ping_pong,2.93333,27.863,90.0,0,1
ping_pong_006,ping_pong,2.95,29.363,90.0,0,1
ping_pong_006,ping_pong,2.96667,30.863,90.0,0,1
ping_pong_006,ping_pong,2.98333,32.363,90.0,0,1
ping_pong_006,ping_pong,3.0,33.863,90.0,0,1
ping_pong_006,ping_pong,3.01667,35.363,90.0,0,1
ping_pong_006,ping_pong,3.03333,36.863,90.0,0,1
ping_pong_006,ping_pong,3.05,38.363,90.0,0,1
ping_pong_006,ping_pong,3.06667,39.863,90.0,0,1
ping_pong_006,ping_pong,3.08333,41.363,90.0,0,1
ping_pong_006,ping_pong,3.1,42.863,90.0,0,1
ping_pong_006,ping_pong,3.11667,44.363,90.0,0,1
ping_pong_006,ping_pong,3.13333,45.863,90.0,0,1
ping_pong_006,ping_pong,3.15,47.363,90.0,0,1
ping_pong_006,ping_pong,3.16667,48.863,90.0,0,1
ping_pong_006,ping_pong,3.18333,50.363,90.0,0,1
ping_pong_006,ping_pong,3.2,51.863,90.0,0,1
ping_pong_006,ping_pong,3.21667,53.363,90.0,0,1
ping_pong_006,ping_pong,3.23333,54.863,90.0,0,1
ping_pong_006,ping_pong,3.25,56.363,90.0,0,1
ping_pong_006,ping_pong,3.26667,57.863,90.0,0,1
ping_pong_006,ping_pong,3.28333,59.363,90.0,0,1
ping_pong_006,ping_pong,3.3,60.863,90.0,0,1
ping_pong_006,ping_pong,3.31667,62.363,90.0,0,1
ping_pong_006,ping_pong,3.33333,63.863,90.0,0,1
ping_pong_006,ping_pong,3.35,65.363,90.0,0,1
ping_pong_006,ping_pong,3.36667,66.863,90.0,0,1
ping_pong_006,ping_pong,3.38333,68.363,90.0,0,1
ping_pong_006,ping_pong,3.4,69.863,90.0,0,1
ping_pong_006,ping_pong,3.41667,71.363,90.0,0,1
ping_pong_006,ping_pong,3.43333,72.863,90.0,0,1
ping_pong_006,ping_pong,3.45,74.363,90.0,0,1
ping_pong_006,ping_pong,3.46667,75.863,90.0,0,1
ping_pong_006,ping_pong,3.48333,77.363,90.0,0,1
ping_pong_006,ping_pong,3.5,78.863,90.0,0,1
ping_pong_006,ping_pong,3.51667,80.363,90.0,0,1
ping_pong_006,ping_pong,3.53333,81.863,90.0,0,1
ping_pong_006,ping_pong,3.55,83.363,90.0,0,1
ping_pong_006,ping_pong,3.56667,84.863,90.0,0,1
ping_pong_006,ping_pong,3.58333,86.363,90.0,0,1
ping_pong_006,ping_pong,3.6,87.863,90.0,0,1
ping_pong_006,ping_pong,3.61667,89.363,90.0,0,1
ping_pong_006,ping_pong,3.63333,90.863,90.0,0,1
ping_pong_006,ping_pong,3.65,92.363,90.0,0,1
ping_pong_006,ping_pong,3.66667,93.863,90.0,0,1
ping_pong_006,ping_pong,3.68333,95.363,90.0,0,1
ping_pong_006,ping_pong,3.7,96.863,90.0,0,1
ping_pong_006,ping_pong,3.71667,98.363,90.0,0,1
ping_pong_006,ping_pong,3.73333,99.863,90.0,0,1
ping_pong_006,ping_pong,3.75,101.363,90.0,0,1
ping_pong_006,ping_pong,3.76667,102.863,90.0,0,1
ping_pong_006,ping_pong,3.78333,104.363,90.0,0,1
ping_pong_006,ping_pong,3.8,105.863,90.0,0,1
ping_pong_006,ping_pong,3.81667,107.363,90.0,0,1
ping_pong_006,ping_pong,3.83333,108.863,90.0,0,1
ping_pong_006,ping_pong,3.85,110.363,90.0,0,1
ping_pong_006,ping_pong,3.86667,111.863,90.0,0,1
ping_pong_006,ping_pong,3.88333,113.363,90.0,0,1
ping_pong_006,ping_pong,3.9,114.863,90.0,0,1
ping_pong_006,ping_pong,3.91667,116.363,90.0,0,1
ping_pong_006,ping_pong,3.93333,117.863,90.0,0,1
ping_pong_006,ping_pong,3.95,119.363,90.0,0,1
ping_pong_006,ping_pong,3.96667,120.863,90.0,0,1
ping_pong_006,ping_pong,3.98333,122.363,90.0,0,1
ping_pong_006,ping_pong,4.0,123.863,90.0,0,1
ping_pong_006,ping_pong,4.01667,125.363,90.0,0,1
ping_pong_006,ping_pong,4.03333,126.863,90.0,0,1
ping_pong_006,ping_pong,4.05,128.363,90.0,0,1
ping_pong_006,ping_pong,4.06667,129.863,90.0,0,1
ping_pong_006,ping_pong,4.08333,131.363,90.0,0,1
ping_pong_006,ping_pong,4.1,132.863,90.0,0,1
ping_pong_006,ping_pong,4.11667,134.363,90.0,0,1
ping_pong_006,ping_pong,4.13333,135.863,90.0,0,1
ping_pong_006,ping_pong,4.15,137.363,90.0,0,1
ping_pong_006,ping_pong,4.16667,138.863,90.0,0,1
ping_pong_006,ping_pong,4.18333,140.363,90.0,0,1
ping_pong_006,ping_pong,4.2,141.863,90.0,0,1
ping_pong_006,ping_pong,4.21667,143.363,90.0,0,1
ping_pong_006,ping_pong,4.23333,144.863,90.0,0,1
ping_pong_006,ping_pong,4.25,146.363,90.0,0,1
ping_pong_006,ping_pong,4.26667,147.863,90.0,0,1
ping_pong_006,ping_pong,4.28333,149.363,90.0,0,1
ping_pong_006,ping_pong,4.3,150.863,90.0,0,1
ping_pong_006,ping_pong,4.31667,152.363,90.0,0,1
ping_pong_006,ping_pong,4.33333,153.863,90.0,0,1
ping_pong_006,ping_pong,4.35,155.363,90.0,0,1
ping_pong_006,ping_pong,4.36667,156.863,90.0,0,1
ping_pong_006,ping_pong,4.38333,158.363,90.0,0,1
ping_pong_006,ping_pong,4.4,159.863,90.0,0,1
ping_pong_006,ping_pong,4.41667,161.363,90.0,0,1
ping_pong_006,ping_pong,4.43333,162.863,90.0,0,1
ping_pong_006,ping_pong,4.45,164.363,90.0,0,1
ping_pong_006,ping_pong,4.46667,165.863,90.0,0,1
ping_pong_006,ping_pong,4.48333,167.363,90.0,0,1
ping_pong_006,ping_pong,4.5,168.863,90.0,0,1
ping_pong_006,ping_pong,4.51667,170.363,90.0,0,1
ping_pong_006,ping_pong,4.53333,171.863,90.0,0,1
ping_pong_006,ping_pong,4.55,173.363,90.0,0,1
ping_pong_006,ping_pong,4.56667,174.863,90.0,0,1
ping_pong_006,ping_pong,4.58333,176.363,90.0,0,1
ping_pong_006,ping_pong,4.6,177.863,90.0,0,1
ping_pong_006,ping_pong,4.61667,179.363,90.0,0,1
ping_pong_006,ping_pong,4.63333,180.863,90.0,0,1
ping_pong_006,ping_pong,4.65,182.363,90.0,0,1
ping_pong_006,ping_pong,4.66667,183.863,90.0,0,1
ping_pong_006,ping_pong,4.68333,185.363,90.0,0,1
ping_pong_006,ping_pong,4.7,186.863,90.0,0,1
ping_pong_006,ping_pong,4.71667,188.363,90.0,0,1
ping_pong_006,ping_pong,4.73333,189.863,90.0,0,1
ping_pong_006,ping_pong,4.75,191.363,90.0,0,1
ping_pong_006,ping_pong,4.76667,192.863,90.0,0,1
ping_pong_006,ping_pong,4.78333,194.363,90.0,0,1
ping_pong_006,ping_pong,4.8,195.863,90.0,0,1
ping_pong_006,ping_pong,4.81667,197.363,90.0,0,1
ping_pong_006,ping_pong,4.83333,198.863,90.0,0,1
ping_pong_006,ping_pong,4.85,200.363,90.0,0,0
ping_pong_006,ping_pong,4.86667,200.363,0.0,0,0
ping_pong_006,ping_pong,4.88333,200.363,0.0,0,0
ping_pong_006,ping_pong,4.9,200.363,0.0,0,0
ping_pong_006,ping_pong,4.91667,200.363,0.0,0,0
ping_pong_006,ping_pong,4.93333,200.363,0.0,0,0
ping_pong_006,ping_pong,4.95,200.363,0.0,0,0
ping_pong_006,ping_pong,4.96667,200.363,0.0,0,0
ping_pong_006,ping_pong,4.98333,200.363,0.0,0,0
ping_pong_006,ping_pong,5.0,200.363,0.0,0,0
ping_pong_006,ping_pong,5.01667,200.363,0.0,0,0
ping_pong_006,ping_pong,5.03333,200.363,0.0,0,0
ping_pong_006,ping_pong,5.05,200.363,0.0,0,0
ping_pong_006,ping_pong,5.06667,200.363,0.0,0,0
ping_pong_006,ping_pong,5.08333,200.363,0.0,1,0
ping_pong_006,ping_pong,5.1,198.863,-90.0,1,0
ping_pong_006,ping_pong,5.11667,197.363,-90.0,1,0
ping_pong_006,ping_pong,5.13333,195.863,-90.0,1,0
ping_pong_006,ping_pong,5.15,194.363,-90.0,1,0
ping_pong_006,ping_pong,5.16667,192.863,-90.0,1,0
ping_pong_006,ping_pong,5.18333,191.363,-90.0,1,0
ping_pong_006,ping_pong,5.2,189.863,-90.0,1,0
ping_pong_006,ping_pong,5.21667,188.363,-90.0,1,0
ping_pong_006,ping_pong,5.23333,186.863,-90.0,1,0
ping_pong_006,ping_pong,5.25,185.363,-90.0,1,0
ping_pong_006,ping_pong,5.26667,183.863,-90.0,1,0
ping_pong_006,ping_pong,5.28333,182.363,-90.0,1,0
ping_pong_006,ping_pong,5.3,180.863,-90.0,1,0
ping_pong_006,ping_pong,5.31667,179.363,-90.0,1,0
ping_pong_006,ping_pong,5.33333,177.863,-90.0,1,0
ping_pong_006,ping_pong,5.35,176.363,-90.0,1,0
ping_pong_006,ping_pong,5.36667,174.863,-90.0,1,0
ping_pong_006,ping_pong,5.38333,173.363,-90.0,1,0
ping_pong_006,ping_pong,5.4,171.863,-90.0,1,0
ping_pong_006,ping_pong,5.41667,170.363,-90.0,1,0
ping_pong_006,ping_pong,5.43333,168.863,-90.0,1,0
ping_pong_006,ping_pong,5.45,167.363,-90.0,1,0
ping_pong_006,ping_pong,5.46667,165.863,-90.0,1,0
ping_pong_006,ping_pong,5.48333,164.363,-90.0,1,0
ping_pong_006,ping_pong,5.5,162.863,-90.0,1,0
ping_pong_006,ping_pong,5.51667,161.363,-90.0,1,0
ping_pong_006,ping_pong,5.53333,159.863,-90.0,1,0
ping_pong_006,ping_pong,5.55,158.363,-90.0,1,0
ping_pong_006,ping_pong,5.56667,156.863,-90.0,1,0
ping_pong_006,ping_pong,5.58333,155.363,-90.0,1,0
ping_pong_006,ping_pong,5.6,153.863,-90.0,1,0
ping_pong_006,ping_pong,5.61667,152.363,-90.0,1,0
ping_pong_006,ping_pong,5.63333,150.863,-90.0,1,0
ping_pong_006,ping_pong,5.65,149.363,-90.0,1,0
ping_pong_006,ping_pong,5.66667,147.863,-90.0,1,0
ping_pong_006,ping_pong,5.68333,146.363,-90.0,1,0
ping_pong_006,ping_pong,5.7,144.863,-90.0,1,0
ping_pong_006,ping_pong,5.71667,143.363,-90.0,1,0
ping_pong_006,ping_pong,5.73333,141.863,-90.0,1,0
ping_pong_006,ping_pong,5.75,140.363,-90.0,1,0
ping_pong_006,ping_pong,5.76667,138.863,-90.0,1,0
ping_pong_006,ping_pong,5.78333,137.363,-90.0,1,0
ping_pong_006,ping_pong,5.8,135.863,-90.0,1,0
ping_pong_006,ping_pong,5.81667,134.363,-90.0,1,0
ping_pong_006,ping_pong,5.83333,132.863,-90.0,1,0
ping_pong_006,ping_pong,5.85,131.363,-90.0,1,0
ping_pong_006,ping_pong,5.86667,129.863,-90.0,1,0
ping_pong_006,ping_pong,5.88333,128.363,-90.0,1,0
ping_pong_006,ping_pong,5.9,126.863,-90.0,1,0
ping_pong_006,ping_pong,5.91667,125.363,-90.0,1,0
ping_pong_006,ping_pong,5.93333,123.863,-90.0,1,0
ping_pong_006,ping_pong,5.95,122.363,-90.0,1,0
ping_pong_006,ping_pong,5.96667,120.863,-90.0,1,0
ping_pong_006,ping_pong,5.98333,119.363,-90.0,1,0
ping_pong_006,ping_pong,6.0,117.863,-90.0,1,0
ping_pong_006,ping_pong,6.01667,116.363,-90.0,1,0
ping_pong_006,ping_pong,6.03333,114.863,-90.0,1,0
ping_pong_006,ping_pong,6.05,113.363,-90.0,1,0
ping_pong_006,ping_pong,6.06667,111.863,-90.0,1,0
ping_pong_006,ping_pong,6.08333,110.363,-90.0,1,0
ping_pong_006,ping_pong,6.1,108.863,-90.0,1,0
ping_pong_006,ping_pong,6.11667,107.363,-90.0,1,0
ping_pong_006,ping_pong,6.13333,105.863,-90.0,1,0
ping_pong_006,ping_pong,6.15,104.363,-90.0,1,0
ping_pong_006,ping_pong,6.16667,102.863,-90.0,1,0
ping_pong_006,ping_pong,6.18333,101.363,-90.0,1,0
ping_pong_006,ping_pong,6.2,99.863,-90.0,1,0
ping_pong_006,ping_pong,6.21667,98.363,-90.0,1,0
ping_pong_006,ping_pong,6.23333,96.863,-90.0,1,0
ping_pong_006,ping_pong,6.25,95.363,-90.0,1,0
ping_pong_006,ping_pong,6.26667,93.863,-90.0,1,0
ping_pong_006,ping_pong,6.28333,92.363,-90.0,1,0
ping_pong_006,ping_pong,6.3,90.863,-90.0,1,0
ping_pong_006,ping_pong,6.31667,89.363,-90.0,1,0
ping_pong_006,ping_pong,6.33333,87.863,-90.0,1,0
ping_pong_006,ping_pong,6.35,86.363,-90.0,1,0
ping_pong_006,ping_pong,6.36667,84.863,-90.0,1,0
ping_pong_006,ping_pong,6.38333,83.363,-90.0,1,0
ping_pong_006,ping_pong,6.4,81.863,-90.0,1,0
ping_pong_006,ping_pong,6.41667,80.363,-90.0,1,0
ping_pong_006,ping_pong,6.43333,78.863,-90.0,1,0
ping_pong_006,ping_pong,6.45,77.363,-90.0,1,0
ping_pong_006,ping_pong,6.46667,75.863,-90.0,1,0
ping_pong_006,ping_pong,6.48333,74.363,-90.0,1,0
ping_pong_006,ping_pong,6.5,72.863,-90.0,1,0
ping_pong_006,ping_pong,6.51667,71.363,-90.0,1,0
ping_pong_006,ping_pong,6.53333,69.863,-90.0,1,0
ping_pong_006,ping_pong,6.55,68.363,-90.0,1,0
ping_pong_006,ping_pong,6.56667,66.863,-90.0,1,0
ping_pong_006,ping_pong,6.58333,65.363,-90.0,1,0
ping_pong_006,ping_pong,6.6,63.863,-90.0,1,0
ping_pong_006,ping_pong,6.61667,62.363,-90.0,1,0
ping_pong_006,ping_pong,6.63333,60.863,-90.0,1,0
ping_pong_006,ping_pong,6.65,59.363,-90.0,1,0
ping_pong_006,ping_pong,6.66667,57.863,-90.0,1,0
ping_pong_006,ping_pong,6.68333,56.363,-90.0,1,0
ping_pong_006,ping_pong,6.7,54.863,-90.0,1,0
ping_pong_006,ping_pong,6.71667,53.363,-90.0,1,0
ping_pong_006,ping_pong,6.73333,51.863,-90.0,1,0
ping_pong_006,ping_pong,6.75,50.363,-90.0,1,0
ping_pong_006,ping_pong,6.76667,48.863,-90.0,1,0
ping_pong_006,ping_pong,6.78333,47.363,-90.0,1,0
ping_pong_006,ping_pong,6.8,45.863,-90.0,1,0
ping_pong_006,ping_pong,6.81667,44.363,-90.0,1,0
ping_pong_006,ping_pong,6.83333,42.863,-90.0,1,0
ping_pong_006,ping_pong,6.85,41.363,-90.0,1,0
ping_pong_006,ping_pong,6.86667,39.863,-90.0,1,0
ping_pong_006,ping_pong,6.88333,38.363,-90.0,1,0
ping_pong_006,ping_pong,6.9,36.863,-90.0,1,0
ping_pong_006,ping_pong,6.91667,35.363,-90.0,1,0
ping_pong_006,ping_pong,6.93333,33.863,-90.0,1,0
ping_pong_006,ping_pong,6.95,32.363,-90.0,1,0
ping_pong_006,ping_pong,6.96667,30.863,-90.0,1,0
ping_pong_006,ping_pong,6.98333,29.363,-90.0,1,0
ping_pong_006,ping_pong,7.0,27.863,-90.0,1,0
ping_pong_006,ping_pong,7.01667,26.363,-90.0,1,0
ping_pong_006,ping_pong,7.03333,24.863,-90.0,1,0
ping_pong_006,ping_pong,7.05,23.363,-90.0,1,0
ping_pong_006,ping_pong,7.06667,21.863,-90.0,1,0
ping_pong_006,ping_pong,7.08333,20.363,-90.0,1,0
ping_pong_006,ping_pong,7.1,18.863,-90.0,1,0
ping_pong_006,ping_pong,7.11667,17.363,-90.0,1,0
ping_pong_006,ping_pong,7.13333,15.863,-90.0,1,0
ping_pong_006,ping_pong,7.15,14.363,-90.0,1,0
ping_pong_006,ping_pong,7.16667,12.863,-90.0,1,0
ping_pong_006,ping_pong,7.18333,11.363,-90.0,1,0
ping_pong_006,ping_pong,7.2,9.863,-90.0,1,0
ping_pong_006,ping_pong,7.21667,8.363,-90.0,1,0
ping_pong_006,ping_pong,7.23333,6.863,-90.0,1,0
ping_pong_006,ping_pong,7.25,5.363,-90.0,1,0
ping_pong_006,ping_pong,7.26667,3.863,-90.0,0,0
ping_pong_006,ping_pong,7.28333,3.863,0.0,0,0
ping_pong_006,ping_pong,7.3,3.863,0.0,0,0
ping_pong_006,ping_pong,7.31667,3.863,0.0,0,0
ping_pong_006,ping_pong,7.33333,3.863,0.0,0,0
ping_pong_006,ping_pong,7.35,3.863,0.0,0,0
ping_pong_006,ping_pong,7.36667,3.863,0.0,0,0
ping_pong_006,ping_pong,7.38333,3.863,0.0,0,0
ping_pong_006,ping_pong,7.4,3.863,0.0,0,0
ping_pong_006,ping_pong,7.41667,3.863,0.0,0,0
ping_pong_006,ping_pong,7.43333,3.863,0.0,0,0
ping_pong_006,ping_pong,7.45,3.863,0.0,0,0
ping_pong_006,ping_pong,7.46667,3.863,0.0,0,0
ping_pong_006,ping_pong,7.48333,3.863,0.0,0,0
ping_pong_006,ping_pong,7.5,3.863,0.0,0,1
ping_pong_006,ping_pong,7.51667,5.363,90.0,0,1
ping_pong_006,ping_pong,7.53333,6.863,90.0,0,1
ping_pong_006,ping_pong,7.55,8.363,90.0,0,1
ping_pong_006,ping_pong,7.56667,9.863,90.0,0,1
ping_pong_006,ping_pong,7.58333,11.363,90.0,0,1
ping_pong_006,ping_pong,7.6,12.863,90.0,0,1
ping_pong_006,ping_pong,7.61667,14.363,90.0,0,1
ping_pong_006,ping_pong,7.63333,15.863,90.0,0,1
ping_pong_006,ping_pong,7.65,17.363,90.0,0,1
ping_pong_006,ping_pong,7.66667,18.863,90.0,0,1
ping_pong_006,ping_pong,7.68333,20.363,90.0,0,1
ping_pong_006,ping_pong,7.7,21.863,90.0,0,1
ping_pong_006,ping_pong,7.71667,23.363,90.0,0,1
ping_pong_006,ping_pong,7.73333,24.863,90.0,0,1
ping_pong_006,ping_pong,7.75,26.363,90.0,0,1
ping_pong_006,ping_pong,7.76667,27.863,90.0,0,1
ping_pong_006,ping_pong,7.78333,29.363,90.0,0,1
ping_pong_006,ping_pong,7.8,30.863,90.0,0,1
ping_pong_006,ping_pong,7.81667,32.363,90.0,0,1
ping_pong_006,ping_pong,7.83333,33.863,90.0,0,1
ping_pong_006,ping_pong,7.85,35.363,90.0,0,1
ping_pong_006,ping_pong,7.86667,36.863,90.0,0,1
ping_pong_006,ping_pong,7.88333,38.363,90.0,0,1
ping_pong_006,ping_pong,7.9,39.863,90.0,0,1
ping_pong_006,ping_pong,7.91667,41.363,90.0,0,1
ping_pong_006,ping_pong,7.93333,42.863,90.0,0,1
ping_pong_006,ping_pong,7.95,44.363,90.0,0,1
ping_pong_006,ping_pong,7.96667,45.863,90.0,0,1
ping_pong_006,ping_pong,7.98333,47.363,90.0,0,1
ping_pong_006,ping_pong,8.0,48.863,90.0,0,1
ping_pong_006,ping_pong,8.01667,50.363,90.0,0,1
ping_pong_006,ping_pong,8.03333,51.863,90.0,0,1
ping_pong_006,ping_pong,8.05,53.363,90.0,0,1
ping_pong_006,ping_pong,8.06667,54.863,90.0,0,1
ping_pong_006,ping_pong,8.08333,56.363,90.0,0,1
ping_pong_006,ping_pong,8.1,57.863,90.0,0,1
ping_pong_006,ping_pong,8.11667,59.363,90.0,0,1
ping_pong_006,ping_pong,8.13333,60.863,90.0,0,1
ping_pong_006,ping_pong,8.15,62.363,90.0,0,1
ping_pong_006,ping_pong,8.16667,63.863,90.0,0,1
ping_pong_006,ping_pong,8.18333,65.363,90.0,0,1
ping_pong_006,ping_pong,8.2,66.863,90.0,0,1
ping_pong_006,ping_pong,8.21667,68.363,90.0,0,1
ping_pong_006,ping_pong,8.23333,69.863,90.0,0,1
ping_pong_006,ping_pong,8.25,71.363,90.0,0,1
ping_pong_006,ping_pong,8.26667,72.863,90.0,0,1
ping_pong_006,ping_pong,8.28333,74.363,90.0,0,1
ping_pong_006,ping_pong,8.3,75.863,90.0,0,1
ping_pong_006,ping_pong,8.31667,77.363,90.0,0,1
ping_pong_006,ping_pong,8.33333,78.863,90.0,0,1
ping_pong_006,ping_pong,8.35,80.363,90.0,0,1
ping_pong_006,ping_pong,8.36667,81.863,90.0,0,1
ping_pong_006,ping_pong,8.38333,83.363,90.0,0,1
ping_pong_006,ping_pong,8.4,84.863,90.0,0,1
ping_pong_006,ping_pong,8.41667,86.363,90.0,0,1
ping_pong_006,ping_pong,8.43333,87.863,90.0,0,1
ping_pong_006,ping_pong,8.45,89.363,90.0,0,1
ping_pong_006,ping_pong,8.46667,90.863,90.0,0,1
ping_pong_006,ping_pong,8.48333,92.363,90.0,0,1
ping_pong_006,ping_pong,8.5,93.863,90.0,0,1
ping_pong_006,ping_pong,8.51667,95.363,90.0,0,1
ping_pong_006,ping_pong,8.53333,96.863,90.0,0,1
ping_pong_006,ping_pong,8.55,98.363,90.0,0,1
ping_pong_006,ping_pong,8.56667,99.863,90.0,0,1
ping_pong_006,ping_pong,8.58333,101.363,90.0,0,1
ping_pong_006,ping_pong,8.6,102.863,90.0,0,1
ping_pong_006,ping_pong,8.61667,104.363,90.0,0,1
ping_pong_006,ping_pong,8.63333,105.863,90.0,0,1
ping_pong_006,ping_pong,8.65,107.363,90.0,0,1
ping_pong_006,ping_pong,8.66667,108.863,90.0,0,1
ping_pong_006,ping_pong,8.68333,110.363,90.0,0,1
ping_pong_006,ping_pong,8.7,111.863,90.0,0,1
ping_pong_006,ping_pong,8.71667,113.363,90.0,0,1
ping_pong_006,ping_pong,8.73333,114.863,90.0,0,1
ping_pong_006,ping_pong,8.75,116.363,90.0,0,1
ping_pong_006,ping_pong,8.76667,117.863,90.0,0,1
ping_pong_006,ping_pong,8.78333,119.363,90.0,0,1
ping_pong_006,ping_pong,8.8,120.863,90.0,0,1
ping_pong_006,ping_pong,8.81667,122.363,90.0,0,1
ping_pong_006,ping_pong,8.83333,123.863,90.0,0,1
ping_pong_006,ping_pong,8.85,125.363,90.0,0,1
ping_pong_006,ping_pong,8.86667,126.863,90.0,0,1
ping_pong_006,ping_pong,8.88333,128.363,90.0,0,1
ping_pong_006,ping_pong,8.9,129.863,90.0,0,1
ping_pong_006,ping_pong,8.91667,131.363,90.0,0,1
ping_pong_006,ping_pong,8.93333,132.863,90.0,0,1
ping_pong_006,ping_pong,8.95,134.363,90.0,0,1
ping_pong_006,ping_pong,8.96667,135.863,90.0,0,1
ping_pong_006,ping_pong,8.98333,137.363,90.0,0,1
ping_pong_006,ping_pong,9.0,138.863,90.0,0,1
ping_pong_006,ping_pong,9.01667,140.363,90.0,0,1
ping_pong_006,ping_pong,9.03333,141.863,90.0,0,1
ping_pong_006,ping_pong,9.05,143.363,90.0,0,1
ping_pong_006,ping_pong,9.06667,144.863,90.0,0,1
ping_pong_006,ping_pong,9.08333,146.363,90.0,0,1
ping_pong_006,ping_pong,9.1,147.863,90.0,0,1
ping_pong_006,ping_pong,9.11667,149.363,90.0,0,1
ping_pong_006,ping_pong,9.13333,150.863,90.0,0,1
ping_pong_006,ping_pong,9.15,152.363,90.0,0,1
ping_pong_006,ping_pong,9.16667,153.863,90.0,0,1
ping_pong_006,ping_pong,9.18333,155.363,90.0,0,1
ping_pong_006,ping_pong,9.2,156.863,90.0,0,1
ping_pong_006,ping_pong,9.21667,158.363,90.0,0,1
ping_pong_006,ping_pong,9.23333,159.863,90.0,0,1
ping_pong_006,ping_pong,9.25,161.363,90.0,0,1
ping_pong_006,ping_pong,9.26667,162.863,90.0,0,1
ping_pong_006,ping_pong,9.28333,164.363,90.0,0,1
ping_pong_006,ping_pong,9.3,165.863,90.0,0,1
ping_pong_006,ping_pong,9.31667,167.363,90.0,0,1
ping_pong_006,ping_pong,9.33333,168.863,90.0,0,1
ping_pong_006,ping_pong,9.35,170.363,90.0,0,1
ping_pong_006,ping_pong,9.36667,171.863,90.0,0,1
ping_pong_006,ping_pong,9.38333,173.363,90.0,0,1
ping_pong_006,ping_pong,9.4,174.863,90.0,0,1
ping_pong_006,ping_pong,9.41667,176.363,90.0,0,1
ping_pong_006,ping_pong,9.43333,177.863,90.0,0,1
ping_pong_006,ping_pong,9.45,179.363,90.0,0,1
ping_pong_006,ping_pong,9.46667,180.863,90.0,0,1
ping_pong_006,ping_pong,9.48333,182.363,90.0,0,1
ping_pong_006,ping_pong,9.5,183.863,90.0,0,1
ping_pong_006,ping_pong,9.51667,185.363,90.0,0,1
ping_pong_006,ping_pong,9.53333,186.863,90.0,0,1
ping_pong_006,ping_pong,9.55,188.363,90.0,0,1
ping_pong_006,ping_pong,9.56667,189.863,90.0,0,1
ping_pong_006,ping_pong,9.58333,191.363,90.0,0,1
ping_pong_006,ping_pong,9.6,192.863,90.0,0,1
ping_pong_006,ping_pong,9.61667,194.363,90.0,0,1
ping_pong_006,ping_pong,9.63333,195.863,90.0,0,1
ping_pong_006,ping_pong,9.65,197.363,90.0,0,1
ping_pong_006,ping_pong,9.66667,198.863,90.0,0,1
ping_pong_006,ping_pong,9.68333,200.363,90.0,0,0
ping_pong_006,ping_pong,9.7,200.363,0.0,0,0
ping_pong_006,ping_pong,9.71667,200.363,0.0,0,0
ping_pong_006,ping_pong,9.73333,200.363,0.0,0,0
ping_pong_006,ping_pong,9.75,200.363,0.0,0,0
ping_pong_006,ping_pong,9.76667,200.363,0.0,0,0
ping_pong_006,ping_pong,9.78333,200.363,0.0,0,0
ping_pong_006,ping_pong,9.8,200.363,0.0,0,0
ping_pong_006,ping_pong,9.81667,200.363,0.0,0,0
ping_pong_006,ping_pong,9.83333,200.363,0.0,0,0
ping_pong_006,ping_pong,9.85,200.363,0.0,0,0
ping_pong_006,ping_pong,9.86667,200.363,0.0,0,0
ping_pong_006,ping_pong,9.88333,200.363,0.0,0,0
ping_pong_006,ping_pong,9.9,200.363,0.0,0,0
ping_pong_006,ping_pong,9.91667,200.363,0.0,1,0
ping_pong_006,ping_pong,9.93333,198.863,-90.0,1,0
ping_pong_006,ping_pong,9.95,197.363,-90.0,1,0
ping_pong_006,ping_pong,9.96667,195.863,-90.0,1,0
ping_pong_006,ping_pong,9.98333,194.363,-90.0,1,0
ping_pong_006,ping_pong,10.0,192.863,-90.0,1,0
ping_pong_006,ping_pong,10.01667,191.363,-90.0,1,0
ping_pong_006,ping_pong,10.03333,189.863,-90.0,1,0
ping_pong_006,ping_pong,10.05,188.363,-90.0,1,0
ping_pong_006,ping_pong,10.06667,186.863,-90.0,1,0
ping_pong_006,ping_pong,10.08333,185.363,-90.0,1,0
ping_pong_006,ping_pong,10.1,183.863,-90.0,1,0
ping_pong_006,ping_pong,10.11667,182.363,-90.0,1,0
ping_pong_006,ping_pong,10.13333,180.863,-90.0,1,0
ping_pong_006,ping_pong,10.15,179.363,-90.0,1,0
ping_pong_006,ping_pong,10.16667,177.863,-90.0,1,0
ping_pong_006,ping_pong,10.18333,176.363,-90.0,1,0
ping_pong_006,ping_pong,10.2,174.863,-90.0,1,0
ping_pong_006,ping_pong,10.21667,173.363,-90.0,1,0
ping_pong_006,ping_pong,10.23333,171.863,-90.0,1,0
ping_pong_006,ping_pong,10.25,170.363,-90.0,1,0
ping_pong_006,ping_pong,10.26667,168.863,-90.0,1,0
ping_pong_006,ping_pong,10.28333,167.363,-90.0,1,0
ping_pong_006,ping_pong,10.3,165.863,-90.0,1,0
ping_pong_006,ping_pong,10.31667,164.363,-90.0,1,0
ping_pong_006,ping_pong,10.33333,162.863,-90.0,1,0
ping_pong_006,ping_pong,10.35,161.363,-90.0,1,0
ping_pong_006,ping_pong,10.36667,159.863,-90.0,1,0
ping_pong_006,ping_pong,10.38333,158.363,-90.0,1,0
ping_pong_006,ping_pong,10.4,156.863,-90.0,1,0
ping_pong_006,ping_pong,10.41667,155.363,-90.0,1,0
ping_pong_006,ping_pong,10.43333,153.863,-90.0,1,0
ping_pong_006,ping_pong,10.45,152.363,-90.0,1,0
ping_pong_006,ping_pong,10.46667,150.863,-90.0,1,0
ping_pong_006,ping_pong,10.48333,149.363,-90.0,1,0
ping_pong_006,ping_pong,10.5,147.863,-90.0,1,0
ping_pong_006,ping_pong,10.51667,146.363,-90.0,1,0
ping_pong_006,ping_pong,10.53333,144.863,-90.0,1,0
ping_pong_006,ping_pong,10.55,143.363,-90.0,1,0
ping_pong_006,ping_pong,10.56667,141.863,-90.0,1,0
ping_pong_006,ping_pong,10.58333,140.363,-90.0,1,0
ping_pong_006,ping_pong,10.6,138.863,-90.0,1,0
ping_pong_006,ping_pong,10.61667,137.363,-90.0,1,0
ping_pong_006,ping_pong,10.63333,135.863,-90.0,1,0
ping_pong_006,ping_pong,10.65,134.363,-90.0,1,0
ping_pong_006,ping_pong,10.66667,132.863,-90.0,1,0
ping_pong_006,ping_pong,10.68333,131.363,-90.0,1,0
ping_pong_006,ping_pong,10.7,129.863,-90.0,1,0
ping_pong_006,ping_pong,10.71667,128.363,-90.0,1,0
ping_pong_006,ping_pong,10.73333,126.863,-90.0,1,0
ping_pong_006,ping_pong,10.75,125.363,-90.0,1,0
ping_pong_006,ping_pong,10.76667,123.863,-90.0,1,0
ping_pong_006,ping_pong,10.78333,122.363,-90.0,1,0
ping_pong_006,ping_pong,10.8,120.863,-90.0,1,0
ping_pong_006,ping_pong,10.81667,119.363,-90.0,1,0
ping_pong_006,ping_pong,10.83333,117.863,-90.0,1,0
ping_pong_006,ping_pong,10.85,116.363,-90.0,1,0
ping_pong_006,ping_pong,10.86667,114.863,-90.0,1,0
ping_pong_006,ping_pong,10.88333,113.363,-90.0,1,0
ping_pong_006,ping_pong,10.9,111.863,-90.0,1,0
ping_pong_006,ping_pong,10.91667,110.363,-90.0,1,0
ping_pong_006,ping_pong,10.93333,108.863,-90.0,1,0
ping_pong_006,ping_pong,10.95,107.363,-90.0,1,0
ping_pong_006,ping_pong,10.96667,105.863,-90.0,1,0
ping_pong_006,ping_pong,10.98333,104.363,-90.0,1,0
ping_pong_006,ping_pong,11.0,102.863,-90.0,1,0
ping_pong_006,ping_pong,11.01667,101.363,-90.0,1,0
ping_pong_006,ping_pong,11.03333,99.863,-90.0,1,0
ping_pong_006,ping_pong,11.05,98.363,-90.0,1,0
ping_pong_006,ping_pong,11.06667,96.863,-90.0,1,0
ping_pong_006,ping_pong,11.08333,95.363,-90.0,1,0
ping_pong_006,ping_pong,11.1,93.863,-90.0,1,0
ping_pong_006,ping_pong,11.11667,92.363,-90.0,1,0
ping_pong_006,ping_pong,11.13333,90.863,-90.0,1,0
ping_pong_006,ping_pong,11.15,89.363,-90.0,1,0
ping_pong_006,ping_pong,11.16667,87.863,-90.0,1,0
ping_pong_006,ping_pong,11.18333,86.363,-90.0,1,0
ping_pong_006,ping_pong,11.2,84.863,-90.0,1,0
ping_pong_006,ping_pong,11.21667,83.363,-90.0,1,0
ping_pong_006,ping_pong,11.23333,81.863,-90.0,1,0
ping_pong_006,ping_pong,11.25,80.363,-90.0,1,0
ping_pong_006,ping_pong,11.26667,78.863,-90.0,1,0
ping_pong_006,ping_pong,11.28333,77.363,-90.0,1,0
ping_pong_006,ping_pong,11.3,75.863,-90.0,1,0
ping_pong_006,ping_pong,11.31667,74.363,-90.0,1,0
ping_pong_006,ping_pong,11.33333,72.863,-90.0,1,0
ping_pong_006,ping_pong,11.35,71.363,-90.0,1,0
ping_pong_006,ping_pong,11.36667,69.863,-90.0,1,0
ping_pong_006,ping_pong,11.38333,68.363,-90.0,1,0
ping_pong_006,ping_pong,11.4,66.863,-90.0,1,0
ping_pong_006,ping_pong,11.41667,65.363,-90.0,1,0
ping_pong_006,ping_pong,11.43333,63.863,-90.0,1,0
ping_pong_006,ping_pong,11.45,62.363,-90.0,1,0
ping_pong_006,ping_pong,11.46667,60.863,-90.0,1,0
ping_pong_006,ping_pong,11.48333,59.363,-90.0,1,0
ping_pong_006,ping_pong,11.5,57.863,-90.0,1,0
ping_pong_006,ping_pong,11.51667,56.363,-90.0,1,0
ping_pong_006,ping_pong,11.53333,54.863,-90.0,1,0
ping_pong_006,ping_pong,11.55,53.363,-90.0,1,0
ping_pong_006,ping_pong,11.56667,51.863,-90.0,1,0
ping_pong_006,ping_pong,11.58333,50.363,-90.0,1,0
ping_pong_006,ping_pong,11.6,48.863,-90.0,1,0
ping_pong_006,ping_pong,11.61667,47.363,-90.0,1,0
ping_pong_006,ping_pong,11.63333,45.863,-90.0,1,0
ping_pong_006,ping_pong,11.65,44.363,-90.0,1,0
ping_pong_006,ping_pong,11.66667,42.863,-90.0,1,0
ping_pong_006,ping_pong,11.68333,41.363,-90.0,1,0
ping_pong_006,ping_pong,11.7,39.863,-90.0,1,0
ping_pong_006,ping_pong,11.71667,38.363,-90.0,1,0
ping_pong_006,ping_pong,11.73333,36.863,-90.0,1,0
ping_pong_006,ping_pong,11.75,35.363,-90.0,1,0
ping_pong_006,ping_pong,11.76667,33.863,-90.0,1,0
ping_pong_006,ping_pong,11.78333,32.363,-90.0,1,0
ping_pong_006,ping_pong,11.8,30.863,-90.0,1,0
ping_pong_006,ping_pong,11.81667,29.363,-90.0,1,0
ping_pong_006,ping_pong,11.83333,27.863,-90.0,1,0
ping_pong_006,ping_pong,11.85,26.363,-90.0,1,0
ping_pong_006,ping_pong,11.86667,24.863,-90.0,1,0
ping_pong_006,ping_pong,11.88333,23.363,-90.0,1,0
ping_pong_006,ping_pong,11.9,21.863,-90.0,1,0
ping_pong_006,ping_pong,11.91667,20.363,-90.0,1,0
ping_pong_006,ping_pong,11.93333,18.863,-90.0,1,0
ping_pong_006,ping_pong,11.95,17.363,-90.0,1,0
ping_pong_006,ping_pong,11.96667,15.863,-90.0,1,0
ping_pong_006,ping_pong,11.98333,14.363,-90.0,1,0
ping_pong_006,ping_pong,12.0,12.863,-90.0,1,0
ping_pong_006,ping_pong,12.01667,11.363,-90.0,1,0
ping_pong_006,ping_pong,12.03333,9.863,-90.0,1,0
ping_pong_006,ping_pong,12.05,8.363,-90.0,1,0
ping_pong_006,ping_pong,12.06667,6.863,-90.0,1,0
ping_pong_006,ping_pong,12.08333,5.363,-90.0,1,0
ping_pong_006,ping_pong,12.1,3.863,-90.0,0,0
ping_pong_006,ping_pong,12.11667,3.863,0.0,0,0
ping_pong_006,ping_pong,12.13333,3.863,0.0,0,0
ping_pong_006,ping_pong,12.15,3.863,0.0,0,0
ping_pong_006,ping_pong,12.16667,3.863,0.0,0,0
ping_pong_006,ping_pong,12.18333,3.863,0.0,0,0
ping_pong_006,ping_pong,12.2,3.863,0.0,0,0
ping_pong_006,ping_pong,12.21667,3.863,0.0,0,0
ping_pong_006,ping_pong,12.23333,3.863,0.0,0,0
ping_pong_006,ping_pong,12.25,3.863,0.0,0,0
ping_pong_006,ping_pong,12.26667,3.863,0.0,0,0
ping_pong_006,ping_pong,12.28333,3.863,0.0,0,0
ping_pong_006,ping_pong,12.3,3.863,0.0,0,0
ping_pong_006,ping_pong,12.31667,3.863,0.0,0,0
ping_pong_006,ping_pong,12.33333,3.863,0.0,0,1
ping_pong_006,ping_pong,12.35,5.363,90.0,0,1
ping_pong_006,ping_pong,12.36667,6.863,90.0,0,1
ping_pong_006,ping_pong,12.38333,8.363,90.0,0,1
ping_pong_006,ping_pong,12.4,9.863,90.0,0,1
ping_pong_006,ping_pong,12.41667,11.363,90.0,0,1
ping_pong_006,ping_pong,12.43333,12.863,90.0,0,1
ping_pong_006,ping_pong,12.45,14.363,90.0,0,1
ping_pong_006,ping_pong,12.46667,15.863,90.0,0,1
ping_pong_006,ping_pong,12.48333,17.363,90.0,0,1
ping_pong_006,ping_pong,12.5,18.863,90.0,0,1
ping_pong_006,ping_pong,12.51667,20.363,90.0,0,1
ping_pong_006,ping_pong,12.53333,21.863,90.0,0,1
ping_pong_006,ping_pong,12.55,23.363,90.0,0,1
ping_pong_006,ping_pong,12.56667,24.863,90.0,0,1
ping_pong_006,ping_pong,12.58333,26.363,90.0,0,1
ping_pong_006,ping_pong,12.6,27.863,90.0,0,1
ping_pong_006,ping_pong,12.61667,29.363,90.0,0,1
ping_pong_006,ping_pong,12.63333,30.863,90.0,0,1
ping_pong_006,ping_pong,12.65,32.363,90.0,0,1
ping_pong_006,ping_pong,12.66667,33.863,90.0,0,1
ping_pong_006,ping_pong,12.68333,35.363,90.0,0,1
ping_pong_006,ping_pong,12.7,36.863,90.0,0,1
ping_pong_006,ping_pong,12.71667,38.363,90.0,0,1
ping_pong_006,ping_pong,12.73333,39.863,90.0,0,1
ping_pong_006,ping_pong,12.75,41.363,90.0,0,1
ping_pong_006,ping_pong,12.76667,42.863,90.0,0,1
ping_pong_006,ping_pong,12.78333,44.363,90.0,0,1
ping_pong_006,ping_pong,12.8,45.863,90.0,0,1
ping_pong_006,ping_pong,12.81667,47.363,90.0,0,1
ping_pong_006,ping_pong,12.83333,48.863,90.0,0,1
ping_pong_006,ping_pong,12.85,50.363,90.0,0,1
ping_pong_006,ping_pong,12.86667,51.863,90.0,0,1
ping_pong_006,ping_pong,12.88333,53.363,90.0,0,1
ping_pong_006,ping_pong,12.9,54.863,90.0,0,1
ping_pong_006,ping_pong,12.91667,56.363,90.0,0,1
ping_pong_006,ping_pong,12.93333,57.863,90.0,0,1
ping_pong_006,ping_pong,12.95,59.363,90.0,0,1
ping_pong_006,ping_pong,12.96667,60.863,90.0,0,1
ping_pong_006,ping_pong,12.98333,62.363,90.0,0,1
ping_pong_006,ping_pong,13.0,63.863,90.0,0,1
ping_pong_006,ping_pong,13.01667,65.363,90.0,0,1
ping_pong_006,ping_pong,13.03333,66.863,90.0,0,1
ping_pong_006,ping_pong,13.05,68.363,90.0,0,1
ping_pong_006,ping_pong,13.06667,69.863,90.0,0,1
ping_pong_006,ping_pong,13.08333,71.363,90.0,0,1
ping_pong_006,ping_pong,13.1,72.863,90.0,0,1
ping_pong_006,ping_pong,13.11667,74.363,90.0,0,1
ping_pong_006,ping_pong,13.13333,75.863,90.0,0,1
ping_pong_006,ping_pong,13.15,77.363,90.0,0,1
ping_pong_006,ping_pong,13.16667,78.863,90.0,0,1
ping_pong_006,ping_pong,13.18333,80.363,90.0,0,1
ping_pong_006,ping_pong,13.2,81.863,90.0,0,1
ping_pong_006,ping_pong,13.21667,83.363,90.0,0,1
ping_pong_006,ping_pong,13.23333,84.863,90.0,0,1
ping_pong_006,ping_pong,13.25,86.363,90.0,0,1
ping_pong_006,ping_pong,13.26667,87.863,90.0,0,1
ping_pong_006,ping_pong,13.28333,89.363,90.0,0,1
ping_pong_006,ping_pong,13.3,90.863,90.0,0,1
ping_pong_006,ping_pong,13.31667,92.363,90.0,0,1
ping_pong_006,ping_pong,13.33333,93.863,90.0,0,1
ping_pong_006,ping_pong,13.35,95.363,90.0,0,1
ping_pong_006,ping_pong,13.36667,96.863,90.0,0,1
ping_pong_006,ping_pong,13.38333,98.363,90.0,0,1
ping_pong_006,ping_pong,13.4,99.863,90.0,0,1
ping_pong_006,ping_pong,13.41667,101.363,90.0,0,1
ping_pong_006,ping_pong,13.43333,102.863,90.0,0,1
ping_pong_006,ping_pong,13.45,104.363,90.0,0,1
ping_pong_006,ping_pong,13.46667,105.863,90.0,0,1
ping_pong_006,ping_pong,13.48333,107.363,90.0,0,1
ping_pong_006,ping_pong,13.5,108.863,90.0,0,1
ping_pong_006,ping_pong,13.51667,110.363,90.0,0,1
ping_pong_006,ping_pong,13.53333,111.863,90.0,0,1
ping_pong_006,ping_pong,13.55,113.363,90.0,0,1
ping_pong_006,ping_pong,13.56667,114.863,90.0,0,1
ping_pong_006,ping_pong,13.58333,116.363,90.0,0,1
ping_pong_006,ping_pong,13.6,117.863,90.0,0,1
ping_pong_006,ping_pong,13.61667,119.363,90.0,0,1
ping_pong_006,ping_pong,13.63333,120.863,90.0,0,1
ping_pong_006,ping_pong,13.65,122.363,90.0,0,1
ping_pong_006,ping_pong,13.66667,123.863,90.0,0,1
ping_pong_006,ping_pong,13.68333,125.363,90.0,0,1
ping_pong_006,ping_pong,13.7,126.863,90.0,0,1
ping_pong_006,ping_pong,13.71667,128.363,90.0,0,1
ping_pong_006,ping_pong,13.73333,129.863,90.0,0,1
ping_pong_006,ping_pong,13.75,131.363,90.0,0,1
ping_pong_006,ping_pong,13.76667,132.863,90.0,0,1
ping_pong_006,ping_pong,13.78333,134.363,90.0,0,1
ping_pong_006,ping_pong,13.8,135.863,90.0,0,1
ping_pong_006,ping_pong,13.81667,137.363,90.0,0,1
ping_pong_006,ping_pong,13.83333,138.863,90.0,0,1
ping_pong_006,ping_pong,13.85,140.363,90.0,0,1
ping_pong_006,ping_pong,13.86667,141.863,90.0,0,1
ping_pong_006,ping_pong,13.88333,143.363,90.0,0,1
ping_pong_006,ping_pong,13.9,144.863,90.0,0,1
ping_pong_006,ping_pong,13.91667,146.363,90.0,0,1
ping_pong_006,ping_pong,13.93333,147.863,90.0,0,1
ping_pong_006,ping_pong,13.95,149.363,90.0,0,1
ping_pong_006,ping_pong,13.96667,150.863,90.0,0,1
ping_pong_006,ping_pong,13.98333,152.363,90.0,0,1
ping_pong_006,ping_pong,14.0,153.863,90.0,0,1
ping_pong_006,ping_pong,14.01667,155.363,90.0,0,1
ping_pong_006,ping_pong,14.03333,156.863,90.0,0,1
ping_pong_006,ping_pong,14.05,158.363,90.0,0,1
ping_pong_006,ping_pong,14.06667,159.863,90.0,0,1
ping_pong_006,ping_pong,14.08333,161.363,90.0,0,1
ping_pong_006,ping_pong,14.1,162.863,90.0,0,1
ping_pong_006,ping_pong,14.11667,164.363,90.0,0,1
ping_pong_006,ping_pong,14.13333,165.863,90.0,0,1
ping_pong_006,ping_pong,14.15,167.363,90.0,0,1
ping_pong_006,ping_pong,14.16667,168.863,90.0,0,1
ping_pong_006,ping_pong,14.18333,170.363,90.0,0,1
ping_pong_006,ping_pong,14.2,171.863,90.0,0,1
ping_pong_006,ping_pong,14.21667,173.363,90.0,0,1
ping_pong_006,ping_pong,14.23333,174.863,90.0,0,1
ping_pong_006,ping_pong,14.25,176.363,90.0,0,1
ping_pong_006,ping_pong,14.26667,177.863,90.0,0,1
ping_pong_006,ping_pong,14.28333,179.363,90.0,0,1
ping_pong_006,ping_pong,14.3,180.863,90.0,0,1
ping_pong_006,ping_pong,14.31667,182.363,90.0,0,1
ping_pong_006,ping_pong,14.33333,183.863,90.0,0,1
ping_pong_006,ping_pong,14.35,185.363,90.0,0,1
ping_pong_006,ping_pong,14.36667,186.863,90.0,0,1
ping_pong_006,ping_pong,14.38333,188.363,90.0,0,1
ping_pong_006,ping_pong,14.4,189.863,90.0,0,1
ping_pong_006,ping_pong,14.41667,191.363,90.0,0,1
ping_pong_006,ping_pong,14.43333,192.863,90.0,0,1
ping_pong_006,ping_pong,14.45,194.363,90.0,0,1
ping_pong_006,ping_pong,14.46667,195.863,90.0,0,1
ping_pong_006,ping_pong,14.48333,197.363,90.0,0,1
ping_pong_006,ping_pong,14.5,198.863,90.0,0,1
ping_pong_006,ping_pong,14.51667,200.363,90.0,0,0
ping_pong_006,ping_pong,14.53333,200.363,0.0,0,0
ping_pong_006,ping_pong,14.55,200.363,0.0,0,0
ping_pong_006,ping_pong,14.56667,200.363,0.0,0,0
ping_pong_006,ping_pong,14.58333,200.363,0.0,0,0
ping_pong_006,ping_pong,14.6,200.363,0.0,0,0
ping_pong_006,ping_pong,14.61667,200.363,0.0,0,0
ping_pong_006,ping_pong,14.63333,200.363,0.0,0,0
ping_pong_006,ping_pong,14.65,200.363,0.0,0,0
ping_pong_006,ping_pong,14.66667,200.363,0.0,0,0
ping_pong_006,ping_pong,14.68333,200.363,0.0,0,0
ping_pong_006,ping_pong,14.7,200.363,0.0,0,0
ping_pong_006,ping_pong,14.71667,200.363,0.0,0,0
ping_pong_006,ping_pong,14.73333,200.363,0.0,0,0
ping_pong_006,ping_pong,14.75,200.363,0.0,1,0
ping_pong_006,ping_pong,14.76667,198.863,-90.0,1,0
ping_pong_006,ping_pong,14.78333,197.363,-90.0,1,0
ping_pong_006,ping_pong,14.8,195.863,-90.0,1,0
ping_pong_006,ping_pong,14.81667,194.363,-90.0,1,0
ping_pong_006,ping_pong,14.83333,192.863,-90.0,1,0
ping_pong_006,ping_pong,14.85,191.363,-90.0,1,0
ping_pong_006,ping_pong,14.86667,189.863,-90.0,1,0
ping_pong_006,ping_pong,14.88333,188.363,-90.0,1,0
ping_pong_006,ping_pong,14.9,186.863,-90.0,1,0
ping_pong_006,ping_pong,14.91667,185.363,-90.0,1,0
ping_pong_006,ping_pong,14.93333,183.863,-90.0,1,0
ping_pong_006,ping_pong,14.95,182.363,-90.0,1,0
ping_pong_006,ping_pong,14.96667,180.863,-90.0,1,0
ping_pong_006,ping_pong,14.98333,179.363,-90.0,1,0
ping_pong_006,ping_pong,15.0,177.863,-90.0,1,0
ping_pong_006,ping_pong,15.01667,176.363,-90.0,1,0
ping_pong_006,ping_pong,15.03333,174.863,-90.0,1,0
ping_pong_006,ping_pong,15.05,173.363,-90.0,1,0
ping_pong_006,ping_pong,15.06667,171.863,-90.0,1,0
ping_pong_006,ping_pong,15.08333,170.363,-90.0,1,0
ping_pong_006,ping_pong,15.1,168.863,-90.0,1,0
ping_pong_006,ping_pong,15.11667,167.363,-90.0,1,0
ping_pong_006,ping_pong,15.13333,165.863,-90.0,1,0
ping_pong_006,ping_pong,15.15,164.363,-90.0,1,0
ping_pong_006,ping_pong,15.16667,162.863,-90.0,1,0
ping_pong_006,ping_pong,15.18333,161.363,-90.0,1,0
ping_pong_006,ping_pong,15.2,159.863,-90.0,1,0
ping_pong_006,ping_pong,15.21667,158.363,-90.0,1,0
ping_pong_006,ping_pong,15.23333,156.863,-90.0,1,0
ping_pong_006,ping_pong,15.25,155.363,-90.0,1,0
ping_pong_006,ping_pong,15.26667,153.863,-90.0,1,0
ping_pong_006,ping_pong,15.28333,152.363,-90.0,1,0
ping_pong_006,ping_pong,15.3,150.863,-90.0,1,0
ping_pong_006,ping_pong,15.31667,149.363,-90.0,1,0
ping_pong_006,ping_pong,15.33333,147.863,-90.0,1,0
ping_pong_006,ping_pong,15.35,146.363,-90.0,1,0
ping_pong_006,ping_pong,15.36667,144.863,-90.0,1,0
ping_pong_006,ping_pong,15.38333,143.363,-90.0,1,0
ping_pong_006,ping_pong,15.4,141.863,-90.0,1,0
ping_pong_006,ping_pong,15.41667,140.363,-90.0,1,0
ping_pong_006,ping_pong,15.43333,138.863,-90.0,1,0
ping_pong_006,ping_pong,15.45,137.363,-90.0,1,0
ping_pong_006,ping_pong,15.46667,135.863,-90.0,1,0
ping_pong_006,ping_pong,15.48333,134.363,-90.0,1,0
ping_pong_006,ping_pong,15.5,132.863,-90.0,1,0
ping_pong_006,ping_pong,15.51667,131.363,-90.0,1,0
ping_pong_006,ping_pong,15.53333,129.863,-90.0,1,0
ping_pong_006,ping_pong,15.55,128.363,-90.0,1,0
ping_pong_006,ping_pong,15.56667,126.863,-90.0,1,0
ping_pong_006,ping_pong,15.58333,125.363,-90.0,1,0
ping_pong_006,ping_pong,15.6,123.863,-90.0,1,0
ping_pong_006,ping_pong,15.61667,122.363,-90.0,1,0
ping_pong_006,ping_pong,15.63333,120.863,-90.0,1,0
ping_pong_006,ping_pong,15.65,119.363,-90.0,1,0
ping_pong_006,ping_pong,15.66667,117.863,-90.0,1,0
ping_pong_006,ping_pong,15.68333,116.363,-90.0,1,0
ping_pong_006,ping_pong,15.7,114.863,-90.0,1,0
ping_pong_006,ping_pong,15.71667,113.363,-90.0,1,0
ping_pong_006,ping_pong,15.73333,111.863,-90.0,1,0
ping_pong_006,ping_pong,15.75,110.363,-90.0,1,0
ping_pong_006,ping_pong,15.76667,108.863,-90.0,1,0
ping_pong_006,ping_pong,15.78333,107.363,-90.0,1,0
ping_pong_006,ping_pong,15.8,105.863,-90.0,1,0
ping_pong_006,ping_pong,15.81667,104.363,-90.0,1,0
ping_pong_006,ping_pong,15.83333,102.863,-90.0,1,0
ping_pong_006,ping_pong,15.85,101.363,-90.0,1,0
ping_pong_006,ping_pong,15.86667,99.863,-90.0,1,0
ping_pong_006,ping_pong,15.88333,98.363,-90.0,1,0
ping_pong_006,ping_pong,15.9,96.863,-90.0,1,0
ping_pong_006,ping_pong,15.91667,95.363,-90.0,1,0
ping_pong_006,ping_pong,15.93333,93.863,-90.0,1,0
ping_pong_006,ping_pong,15.95,92.363,-90.0,1,0
ping_pong_006,ping_pong,15.96667,90.863,-90.0,1,0
ping_pong_006,ping_pong,15.98333,89.363,-90.0,1,0
ping_pong_006,ping_pong,16.0,87.863,-90.0,1,0
ping_pong_006,ping_pong,16.01667,86.363,-90.0,1,0
ping_pong_006,ping_pong,16.03333,84.863,-90.0,1,0
ping_pong_006,ping_pong,16.05,83.363,-90.0,1,0
ping_pong_006,ping_pong,16.06667,81.863,-90.0,1,0
ping_pong_006,ping_pong,16.08333,80.363,-90.0,1,0
ping_pong_006,ping_pong,16.1,78.863,-90.0,1,0
ping_pong_006,ping_pong,16.11667,77.363,-90.0,1,0
ping_pong_006,ping_pong,16.13333,75.863,-90.0,1,0
ping_pong_006,ping_pong,16.15,74.363,-90.0,1,0
ping_pong_006,ping_pong,16.16667,72.863,-90.0,1,0
ping_pong_006,ping_pong,16.18333,71.363,-90.0,1,0
ping_pong_006,ping_pong,16.2,69.863,-90.0,1,0
ping_pong_006,ping_pong,16.21667,68.363,-90.0,1,0
ping_pong_006,ping_pong,16.23333,66.863,-90.0,1,0
ping_pong_006,ping_pong,16.25,65.363,-90.0,1,0
ping_pong_006,ping_pong,16.26667,63.863,-90.0,1,0
ping_pong_006,ping_pong,16.28333,62.363,-90.0,1,0
ping_pong_006,ping_pong,16.3,60.863,-90.0,1,0
ping_pong_006,ping_pong,16.31667,59.363,-90.0,1,0
ping_pong_006,ping_pong,16.33333,57.863,-90.0,1,0
ping_pong_006,ping_pong,16.35,56.363,-90.0,1,0
ping_pong_006,ping_pong,16.36667,54.863,-90.0,1,0
ping_pong_006,ping_pong,16.38333,53.363,-90.0,1,0
ping_pong_006,ping_pong,16.4,51.863,-90.0,1,0
ping_pong_006,ping_pong,16.41667,50.363,-90.0,1,0
ping_pong_006,ping_pong,16.43333,48.863,-90.0,1,0
ping_pong_006,ping_pong,16.45,47.363,-90.0,1,0
ping_pong_006,ping_pong,16.46667,45.863,-90.0,1,0
ping_pong_006,ping_pong,16.48333,44.363,-90.0,1,0
ping_pong_006,ping_pong,16.5,42.863,-90.0,1,0
ping_pong_006,ping_pong,16.51667,41.363,-90.0,1,0
ping_pong_006,ping_pong,16.53333,39.863,-90.0,1,0
ping_pong_006,ping_pong,16.55,38.363,-90.0,1,0
ping_pong_006,ping_pong,16.56667,36.863,-90.0,1,0
ping_pong_006,ping_pong,16.58333,35.363,-90.0,1,0
ping_pong_006,ping_pong,16.6,33.863,-90.0,1,0
ping_pong_006,ping_pong,16.61667,32.363,-90.0,1,0
ping_pong_006,ping_pong,16.63333,30.863,-90.0,1,0
ping_pong_006,ping_pong,16.65,29.363,-90.0,1,0
ping_pong_006,ping_pong,16.66667,27.863,-90.0,1,0
ping_pong_006,ping_pong,16.68333,26.363,-90.0,1,0
ping_pong_006,ping_pong,16.7,24.863,-90.0,1,0
ping_pong_006,ping_pong,16.71667,23.363,-90.0,1,0
ping_pong_006,ping_pong,16.73333,21.863,-90.0,1,0
ping_pong_006,ping_pong,16.75,20.363,-90.0,1,0
ping_pong_006,ping_pong,16.76667,18.863,-90.0,1,0
ping_pong_006,ping_pong,16.78333,17.363,-90.0,1,0
ping_pong_006,ping_pong,16.8,15.863,-90.0,1,0
ping_pong_006,ping_pong,16.81667,14.363,-90.0,1,0
ping_pong_006,ping_pong,16.83333,12.863,-90.0,1,0
ping_pong_006,ping_pong,16.85,11.363,-90.0,1,0
ping_pong_006,ping_pong,16.86667,9.863,-90.0,1,0
ping_pong_006,ping_pong,16.88333,8.363,-90.0,1,0
ping_pong_006,ping_pong,16.9,6.863,-90.0,1,0
ping_pong_006,ping_pong,16.91667,5.363,-90.0,1,0
ping_pong_006,ping_pong,16.93333,3.863,-90.0,0,0
ping_pong_006,ping_pong,16.95,3.863,0.0,0,0
ping_pong_006,ping_pong,16.96667,3.863,0.0,0,0
ping_pong_006,ping_pong,16.98333,3.863,0.0,0,0
ping_pong_006,ping_pong,17.0,3.863,0.0,0,0
ping_pong_006,ping_pong,17.01667,3.863,0.0,0,0
ping_pong_006,ping_pong,17.03333,3.863,0.0,0,0
ping_pong_006,ping_pong,17.05,3.863,0.0,0,0
ping_pong_006,ping_pong,17.06667,3.863,0.0,0,0
ping_pong_006,ping_pong,17.08333,3.863,0.0,0,0
ping_pong_006,ping_pong,17.1,3.863,0.0,0,0
ping_pong_006,ping_pong,17.11667,3.863,0.0,0,0
ping_pong_006,ping_pong,17.13333,3.863,0.0,0,0
ping_pong_006,ping_pong,17.15,3.863,0.0,0,0
ping_pong_006,ping_pong,17.16667,3.863,0.0,0,1
ping_pong_006,ping_pong,17.18333,5.363,90.0,0,1
ping_pong_006,ping_pong,17.2,6.863,90.0,0,1
ping_pong_006,ping_pong,17.21667,8.363,90.0,0,1
ping_pong_006,ping_pong,17.23333,9.863,90.0,0,1
ping_pong_006,ping_pong,17.25,11.363,90.0,0,1
ping_pong_006,ping_pong,17.26667,12.863,90.0,0,1
ping_pong_006,ping_pong,17.28333,14.363,90.0,0,1
ping_pong_006,ping_pong,17.3,15.863,90.0,0,1
ping_pong_006,ping_pong,17.31667,17.363,90.0,0,1
ping_pong_006,ping_pong,17.33333,18.863,90.0,0,1
ping_pong_006,ping_pong,17.35,20.363,90.0,0,1
ping_pong_006,ping_pong,17.36667,21.863,90.0,0,1
ping_pong_006,ping_pong,17.38333,23.363,90.0,0,1
ping_pong_006,ping_pong,17.4,24.863,90.0,0,1
ping_pong_006,ping_pong,17.41667,26.363,90.0,0,1
ping_pong_006,ping_pong,17.43333,27.863,90.0,0,1
ping_pong_006,ping_pong,17.45,29.363,90.0,0,1
ping_pong_006,ping_pong,17.46667,30.863,90.0,0,1
ping_pong_006,ping_pong,17.48333,32.363,90.0,0,1
ping_pong_006,ping_pong,17.5,33.863,90.0,0,1
ping_pong_006,ping_pong,17.51667,35.363,90.0,0,1
ping_pong_006,ping_pong,17.53333,36.863,90.0,0,1
ping_pong_006,ping_pong,17.55,38.363,90.0,0,1
ping_pong_006,ping_pong,17.56667,39.863,90.0,0,1
ping_pong_006,ping_pong,17.58333,41.363,90.0,0,1
ping_pong_006,ping_pong,17.6,42.863,90.0,0,1
ping_pong_006,ping_pong,17.61667,44.363,90.0,0,1
ping_pong_006,ping_pong,17.63333,45.863,90.0,0,1
ping_pong_006,ping_pong,17.65,47.363,90.0,0,1
ping_pong_006,ping_pong,17.66667,48.863,90.0,0,1
ping_pong_006,ping_pong,17.68333,50.363,90.0,0,1
ping_pong_006,ping_pong,17.7,51.863,90.0,0,1
ping_pong_006,ping_pong,17.71667,53.363,90.0,0,1
ping_pong_006,ping_pong,17.73333,54.863,90.0,0,1
ping_pong_006,ping_pong,17.75,56.363,90.0,0,1
ping_pong_006,ping_pong,17.76667,57.863,90.0,0,1
ping_pong_006,ping_pong,17.78333,59.363,90.0,0,1
ping_pong_006,ping_pong,17.8,60.863,90.0,0,1
ping_pong_006,ping_pong,17.81667,62.363,90.0,0,1
ping_pong_006,ping_pong,17.83333,63.863,90.0,0,1
ping_pong_006,ping_pong,17.85,65.363,90.0,0,1
ping_pong_006,ping_pong,17.86667,66.863,90.0,0,1
ping_pong_006,ping_pong,17.88333,68.363,90.0,0,1
ping_pong_006,ping_pong,17.9,69.863,90.0,0,1
ping_pong_006,ping_pong,17.91667,71.363,90.0,0,1
ping_pong_006,ping_pong,17.93333,72.863,90.0,0,1
ping_pong_006,ping_pong,17.95,74.363,90.0,0,1
ping_pong_006,ping_pong,17.96667,75.863,90.0,0,1
ping_pong_006,ping_pong,17.98333,77.363,90.0,0,1
ping_pong_006,ping_pong,18.0,78.863,90.0,0,1
ping_pong_006,ping_pong,18.01667,80.363,90.0,0,1
ping_pong_006,ping_pong,18.03333,81.863,90.0,0,1
ping_pong_006,ping_pong,18.05,83.363,90.0,0,1
ping_pong_006,ping_pong,18.06667,84.863,90.0,0,1
ping_pong_006,ping_pong,18.08333,86.363,90.0,0,1
ping_pong_006,ping_pong,18.1,87.863,90.0,0,1
ping_pong_006,ping_pong,18.11667,89.363,90.0,0,1
ping_pong_006,ping_pong,18.13333,90.863,90.0,0,1
ping_pong_006,ping_pong,18.15,92.363,90.0,0,1
ping_pong_006,ping_pong,18.16667,93.863,90.0,0,1
ping_pong_006,ping_pong,18.18333,95.363,90.0,0,1
ping_pong_006,ping_pong,18.2,96.863,90.0,0,1
ping_pong_006,ping_pong,18.21667,98.363,90.0,0,1
ping_pong_006,ping_pong,18.23333,99.863,90.0,0,1
ping_pong_006,ping_pong,18.25,101.363,90.0,0,1
